INV 3837 21
INV 3838 32
INV 3839 43
INV 3792 54
INV 3835 65
INV 3846 76
INV 3850 87
INV 3851 98
INV 3852 109
INV 3853 120
INV 3854 131
INV 3855 142
INV 3798 153
INV 3825 164
INV 3826 175
INV 3828 186
INV 3829 197
INV 3831 208
INV 3832 219
INV 3833 230
INV 3834 241
INV 3836 252
INV 3840 263
INV 3827 274
INV 3841 285
INV 3842 296
INV 3843 307
INV 3844 318
INV 3845 329
INV 3847 340
INV 3790 351
INV 3788 362
INV 3789 373
AND 3824 3796 384
AND 3835 3795 395
AND 3835 3796 406
AND 3824 3795 417
NAND 384 395 428
AND 3846 3794 439
OR 384 395 450
NAND 439 450 461
NAND 428 461 472
AND 3846 3795 483
AND 3824 3797 494
AND 3835 3797 505
NAND 406 494 516
OR 406 494 527
NAND 483 527 538
OR 483 527 549
NAND 472 549 560
AND 3851 3823 571
AND 3849 3794 582
AND 3850 3793 593
AND 3850 3794 604
AND 3849 3793 615
NAND 582 593 626
OR 582 593 637
NAND 571 637 648
OR 571 637 659
OR 472 549 670
NAND 659 670 681
NAND 560 681 692
AND 3851 3793 703
AND 3849 3795 714
AND 3850 3795 725
NAND 604 714 736
OR 604 714 747
NAND 703 747 758
OR 703 747 769
NAND 516 538 780
AND 3846 3796 791
AND 3824 3798 802
AND 3835 3798 813
NAND 505 802 824
OR 505 802 835
NAND 791 835 846
OR 791 835 857
NAND 780 857 868
OR 780 857 879
NAND 769 879 890
OR 769 879 901
NAND 692 901 912
AND 3852 3822 923
AND 3853 3821 934
AND 3853 3822 945
AND 3852 3821 956
NAND 923 934 967
AND 3854 3820 978
OR 923 934 989
NAND 978 989 1000
NAND 967 1000 1011
AND 3854 3821 1022
AND 3852 3823 1033
AND 3853 3823 1044
NAND 945 1033 1055
OR 945 1033 1066
NAND 1022 1066 1077
OR 1022 1066 1088
NAND 626 648 1099
NAND 1088 1099 1110
OR 1088 1099 1121
NAND 1011 1121 1132
OR 1011 1121 1142
OR 692 901 1153
NAND 1142 1153 1164
NAND 912 1164 1175
NAND 1055 1077 1186
AND 3854 3822 1197
NAND 3854 3822 1208
AND 3852 3793 1219
AND 3853 3793 1230
NAND 1044 1219 1241
OR 1044 1219 1252
NAND 1197 1252 1263
OR 1197 1252 1274
NAND 736 758 1285
NAND 1274 1285 1296
OR 1274 1285 1307
NAND 1186 1307 1318
OR 1186 1307 1329
NAND 868 890 1339
AND 3851 3794 1350
AND 3849 3796 1361
AND 3850 3796 1372
NAND 725 1361 1383
OR 725 1361 1394
NAND 1350 1394 1405
OR 1350 1394 1416
NAND 824 846 1427
AND 3846 3797 1438
AND 3824 3799 1449
AND 3835 3799 1460
NAND 813 1449 1471
OR 813 1449 1482
NAND 1438 1482 1493
OR 1438 1482 1504
NAND 1427 1504 1515
OR 1427 1504 1525
NAND 1416 1525 1536
OR 1416 1525 1547
NAND 1339 1547 1558
OR 1339 1547 1569
NAND 1329 1569 1580
OR 1329 1569 1591
NAND 1175 1591 1602
AND 3855 3819 1613
AND 3825 3818 1624
AND 3825 3819 1635
AND 3855 3818 1646
NAND 1613 1624 1657
AND 3826 3817 1668
OR 1613 1624 1679
NAND 1668 1679 1690
NAND 1657 1690 1701
AND 3826 3818 1712
AND 3855 3820 1723
AND 3825 3820 1733
NAND 1635 1723 1744
OR 1635 1723 1755
NAND 1712 1755 1766
OR 1712 1755 1777
NAND 1701 1777 1788
AND 3803 3829 1799
AND 3817 3827 1810
AND 3814 3828 1821
AND 3828 3817 1832
AND 3814 3827 1843
NAND 1810 1821 1854
OR 1810 1821 1865
NAND 1799 1865 1876
OR 1799 1865 1887
OR 1701 1777 1898
NAND 1887 1898 1909
NAND 1788 1909 1920
AND 3814 3829 1931
AND 3818 3827 1941
AND 3828 3818 1952
NAND 1832 1941 1963
OR 1832 1941 1974
NAND 1931 1974 1985
OR 1931 1974 1996
NAND 1744 1766 2007
AND 3826 3819 2018
AND 3855 3821 2029
AND 3825 3821 2040
NAND 1733 2029 2051
OR 1733 2029 2062
NAND 2018 2062 2073
OR 2018 2062 2084
NAND 2007 2084 2095
OR 2007 2084 2106
NAND 1996 2106 2117
OR 1996 2106 2128
NAND 1110 1132 2139
NAND 2128 2139 2149
OR 2128 2139 2160
NAND 1920 2160 2171
OR 1920 2160 2182
OR 1175 1591 2193
NAND 2182 2193 2204
NAND 1602 2204 2215
NAND 2095 2117 2226
AND 3829 3817 2237
AND 3819 3827 2248
AND 3828 3819 2259
NAND 1952 2248 2270
OR 1952 2248 2281
NAND 2237 2281 2292
OR 2237 2281 2303
NAND 2051 2073 2314
AND 3826 3820 2325
AND 3855 3822 2336
AND 3825 3822 2347
NAND 2040 2336 2358
OR 2040 2336 2368
NAND 2325 2368 2379
OR 2325 2368 2390
NAND 2314 2390 2401
OR 2314 2390 2412
NAND 2303 2412 2423
OR 2303 2412 2434
NAND 1296 1318 2445
NAND 2434 2445 2456
OR 2434 2445 2467
NAND 2226 2467 2478
OR 2226 2467 2489
NAND 1558 1580 2500
NAND 1241 1263 2511
AND 3854 3823 2522
AND 3852 3794 2533
AND 3853 3794 2544
NAND 1230 2533 2555
OR 1230 2533 2566
NAND 2522 2566 2577
OR 2522 2566 2587
NAND 1383 1405 2598
NAND 2587 2598 2609
OR 2587 2598 2620
NAND 2511 2620 2631
OR 2511 2620 2642
NAND 1515 1536 2653
AND 3851 3795 2664
AND 3849 3797 2675
AND 3850 3797 2686
NAND 1372 2675 2697
OR 1372 2675 2708
NAND 2664 2708 2719
OR 2664 2708 2730
NAND 1471 1493 2740
AND 3846 3798 2751
AND 3824 3800 2762
AND 3835 3800 2773
NAND 1460 2762 2784
OR 1460 2762 2795
NAND 2751 2795 2805
OR 2751 2795 2815
NAND 2740 2815 2826
OR 2740 2815 2836
NAND 2730 2836 2847
OR 2730 2836 2857
NAND 2653 2857 2867
OR 2653 2857 2878
NAND 2642 2878 2888
OR 2642 2878 2898
NAND 2500 2898 2909
OR 2500 2898 2919
NAND 2489 2919 2930
OR 2489 2919 2940
NAND 2215 2940 2950
NAND 1854 1876 2961
AND 3803 3830 2971
AND 3792 3831 2981
AND 3792 3830 2992
AND 3803 3831 3002
NAND 2992 3002 3013
OR 2971 2981 3023
NAND 2961 3023 3033
OR 2961 3023 3044
AND 3803 3828 3054
AND 3803 3827 3064
NAND 1843 3054 3075
AND 3792 3829 3085
OR 1843 3054 3096
NAND 3085 3096 3106
NAND 3075 3106 3116
AND 2992 3116 3127
AND 3044 3127 3137
NAND 2149 2171 3147
AND 3792 3832 3158
AND 3814 3830 3168
AND 3814 3831 3179
NAND 3002 3168 3180
OR 3002 3168 3181
NAND 3158 3181 3182
OR 3158 3181 3183
NAND 1963 1985 3184
OR 3183 3184 3185
NAND 3183 3184 3186
NAND 3185 3186 3187
AND 3013 3033 3188
OR 3187 3188 3189
NAND 3147 3189 3190
OR 3147 3189 3191
NAND 3137 3191 3192
OR 3137 3191 3193
OR 2215 2940 3194
NAND 3193 3194 3195
NAND 2950 3195 3196
OR 3033 3187 3197
AND 3792 3833 3198
NAND 3180 3182 3199
AND 3803 3832 3200
AND 3830 3817 3201
AND 3831 3817 3202
NAND 3179 3201 3203
OR 3179 3201 3204
NAND 3200 3204 3205
OR 3200 3204 3206
NAND 2270 2292 3207
NAND 3206 3207 3208
OR 3206 3207 3209
NAND 3199 3209 3210
OR 3199 3209 3211
NAND 3013 3186 3212
AND 3185 3212 3213
NAND 3211 3213 3214
OR 3211 3213 3215
NAND 3198 3215 3216
OR 3198 3215 3217
NAND 2456 2478 3218
NAND 3217 3218 3219
OR 3217 3218 3220
NAND 3197 3220 3221
OR 3197 3220 3222
NAND 2909 2930 3223
NAND 2401 2423 3224
AND 3829 3818 3225
AND 3820 3827 3226
AND 3828 3820 3227
NAND 2259 3226 3228
OR 2259 3226 3229
NAND 3225 3229 3230
OR 3225 3229 3231
NAND 2358 2379 3232
AND 3826 3821 3233
AND 3855 3823 3234
AND 3825 3823 3235
NAND 2347 3234 3236
OR 2347 3234 3237
NAND 3233 3237 3238
OR 3233 3237 3239
NAND 3232 3239 3240
OR 3232 3239 3241
NAND 3231 3241 3242
OR 3231 3241 3243
NAND 2609 2631 3244
NAND 3243 3244 3245
OR 3243 3244 3246
NAND 3224 3246 3247
OR 3224 3246 3248
NAND 2867 2888 3249
NAND 2555 2577 3250
AND 3854 3793 3251
AND 3852 3795 3252
AND 3853 3795 3253
NAND 2544 3252 3254
OR 2544 3252 3255
NAND 3251 3255 3256
OR 3251 3255 3257
NAND 2697 2719 3258
NAND 3257 3258 3259
OR 3257 3258 3260
NAND 3250 3260 3261
OR 3250 3260 3262
NAND 2826 2847 3263
AND 3851 3796 3264
AND 3849 3798 3265
AND 3850 3798 3266
NAND 2686 3265 3267
OR 2686 3265 3268
NAND 3264 3268 3269
OR 3264 3268 3270
NAND 2784 2805 3271
AND 3846 3799 3272
AND 3824 3801 3273
AND 3835 3801 3274
NAND 2773 3273 3275
OR 2773 3273 3276
NAND 3272 3276 3277
OR 3272 3276 3278
NAND 3271 3278 3279
OR 3271 3278 3280
NAND 3270 3280 3281
OR 3270 3280 3282
NAND 3263 3282 3283
OR 3263 3282 3284
NAND 3262 3284 3285
OR 3262 3284 3286
NAND 3249 3286 3287
OR 3249 3286 3288
NAND 3248 3288 3289
OR 3248 3288 3290
NAND 3223 3290 3291
OR 3223 3290 3292
NAND 3222 3292 3293
OR 3222 3292 3294
NAND 3196 3294 3295
NAND 3190 3192 3296
OR 3196 3294 3297
NAND 3296 3297 3298
NAND 3295 3298 3299
NAND 3219 3221 3300
NAND 3291 3293 3301
NAND 3214 3216 3302
AND 3792 3834 3303
AND 3803 3833 3304
AND 3803 3834 3305
AND 3198 3305 3306
OR 3303 3304 3307
NAND 3208 3210 3308
NAND 3203 3205 3309
AND 3814 3832 3310
AND 3830 3818 3311
AND 3831 3818 3312
NAND 3202 3311 3313
OR 3202 3311 3314
NAND 3310 3314 3315
OR 3310 3314 3316
NAND 3228 3230 3317
NAND 3316 3317 3318
OR 3316 3317 3319
NAND 3309 3319 3320
OR 3309 3319 3321
NAND 3308 3321 3322
OR 3308 3321 3323
NAND 3307 3323 3324
OR 3307 3323 3325
NAND 3245 3247 3326
NAND 3325 3326 3327
OR 3325 3326 3328
NAND 3302 3328 3329
OR 3302 3328 3330
NAND 3287 3289 3331
NAND 3240 3242 3332
AND 3829 3819 3333
AND 3821 3827 3334
AND 3828 3821 3335
NAND 3227 3334 3336
OR 3227 3334 3337
NAND 3333 3337 3338
OR 3333 3337 3339
NAND 3236 3238 3340
AND 3826 3822 3341
AND 3855 3793 3342
AND 3825 3793 3343
NAND 3234 3343 3344
OR 3235 3342 3345
NAND 3341 3345 3346
OR 3341 3345 3347
NAND 3340 3347 3348
OR 3340 3347 3349
NAND 3339 3349 3350
OR 3339 3349 3351
NAND 3259 3261 3352
NAND 3351 3352 3353
OR 3351 3352 3354
NAND 3332 3354 3355
OR 3332 3354 3356
NAND 3283 3285 3357
NAND 3254 3256 3358
AND 3854 3794 3359
AND 3852 3796 3360
AND 3853 3796 3361
NAND 3253 3360 3362
OR 3253 3360 3363
NAND 3359 3363 3364
OR 3359 3363 3365
NAND 3267 3269 3366
NAND 3365 3366 3367
OR 3365 3366 3368
NAND 3358 3368 3369
OR 3358 3368 3370
NAND 3279 3281 3371
AND 3851 3797 3372
AND 3849 3799 3373
AND 3850 3799 3374
NAND 3266 3373 3375
OR 3266 3373 3376
NAND 3372 3376 3377
OR 3372 3376 3378
NAND 3275 3277 3379
AND 3846 3800 3380
AND 3824 3802 3381
AND 3835 3802 3382
NAND 3274 3381 3383
OR 3274 3381 3384
NAND 3380 3384 3385
OR 3380 3384 3386
NAND 3379 3386 3387
OR 3379 3386 3388
NAND 3378 3388 3389
OR 3378 3388 3390
NAND 3371 3390 3391
OR 3371 3390 3392
NAND 3370 3392 3393
OR 3370 3392 3394
NAND 3357 3394 3395
OR 3357 3394 3396
NAND 3356 3396 3397
OR 3356 3396 3398
NAND 3331 3398 3399
OR 3331 3398 3400
NAND 3330 3400 3401
OR 3330 3400 3402
NAND 3301 3402 3403
OR 3301 3402 3404
NAND 3300 3404 3405
OR 3300 3404 3406
AND 3299 3406 3407
NAND 3403 3405 3408
NAND 3327 3329 3409
NAND 3399 3401 3410
NAND 3322 3324 3411
AND 3792 3836 3412
AND 3814 3833 3413
AND 3814 3834 3414
NAND 3305 3413 3415
OR 3305 3413 3416
NAND 3412 3416 3417
OR 3412 3416 3418
AND 3306 3418 3419
OR 3306 3418 3420
NAND 3318 3320 3421
NAND 3313 3315 3422
AND 3832 3817 3423
AND 3830 3819 3424
AND 3831 3819 3425
NAND 3312 3424 3426
OR 3312 3424 3427
NAND 3423 3427 3428
OR 3423 3427 3429
NAND 3336 3338 3430
NAND 3429 3430 3431
OR 3429 3430 3432
NAND 3422 3432 3433
OR 3422 3432 3434
NAND 3421 3434 3435
OR 3421 3434 3436
NAND 3420 3436 3437
OR 3420 3436 3438
NAND 3353 3355 3439
NAND 3438 3439 3440
OR 3438 3439 3441
NAND 3411 3441 3442
OR 3411 3441 3443
NAND 3395 3397 3444
NAND 3348 3350 3445
AND 3829 3820 3446
AND 3822 3827 3447
AND 3828 3822 3448
NAND 3335 3447 3449
OR 3335 3447 3450
NAND 3446 3450 3451
OR 3446 3450 3452
NAND 3344 3346 3453
AND 3826 3823 3454
AND 3855 3794 3455
AND 3825 3794 3456
NAND 3343 3455 3457
OR 3343 3455 3458
NAND 3454 3458 3459
OR 3454 3458 3460
NAND 3453 3460 3461
OR 3453 3460 3462
NAND 3452 3462 3463
OR 3452 3462 3464
NAND 3367 3369 3465
NAND 3464 3465 3466
OR 3464 3465 3467
NAND 3445 3467 3468
OR 3445 3467 3469
NAND 3391 3393 3470
NAND 3362 3364 3471
AND 3854 3795 3472
AND 3852 3797 3473
AND 3853 3797 3474
NAND 3361 3473 3475
OR 3361 3473 3476
NAND 3472 3476 3477
OR 3472 3476 3478
NAND 3375 3377 3479
NAND 3478 3479 3480
OR 3478 3479 3481
NAND 3471 3481 3482
OR 3471 3481 3483
NAND 3387 3389 3484
AND 3851 3798 3485
AND 3849 3800 3486
AND 3850 3800 3487
NAND 3374 3486 3488
OR 3374 3486 3489
NAND 3485 3489 3490
OR 3485 3489 3491
NAND 3383 3385 3492
AND 3846 3801 3493
AND 3824 3804 3494
AND 3835 3804 3495
NAND 3382 3494 3496
OR 3382 3494 3497
NAND 3493 3497 3498
OR 3493 3497 3499
NAND 3492 3499 3500
OR 3492 3499 3501
NAND 3491 3501 3502
OR 3491 3501 3503
NAND 3484 3503 3504
OR 3484 3503 3505
NAND 3483 3505 3506
OR 3483 3505 3507
NAND 3470 3507 3508
OR 3470 3507 3509
NAND 3469 3509 3510
OR 3469 3509 3511
NAND 3444 3511 3512
OR 3444 3511 3513
NAND 3443 3513 3514
OR 3443 3513 3515
NAND 3410 3515 3516
OR 3410 3515 3517
NAND 3409 3517 3518
OR 3409 3517 3519
AND 3408 3519 3520
OR 3408 3519 3521
AND 3407 3521 3522
NAND 3516 3518 3523
NAND 3440 3442 3524
AND 3419 3524 3525
OR 3419 3524 3526
NAND 3512 3514 3527
NAND 3435 3437 3528
AND 3837 3792 3529
NAND 3415 3417 3530
AND 3803 3836 3531
AND 3833 3817 3532
AND 3834 3817 3533
NAND 3414 3532 3534
OR 3414 3532 3535
NAND 3531 3535 3536
OR 3531 3535 3537
NAND 3530 3537 3538
OR 3530 3537 3539
NAND 3529 3539 3540
OR 3529 3539 3541
NAND 3431 3433 3542
NAND 3426 3428 3543
AND 3832 3818 3544
AND 3830 3820 3545
AND 3831 3820 3546
NAND 3425 3545 3547
OR 3425 3545 3548
NAND 3544 3548 3549
OR 3544 3548 3550
NAND 3449 3451 3551
NAND 3550 3551 3552
OR 3550 3551 3553
NAND 3543 3553 3554
OR 3543 3553 3555
NAND 3542 3555 3556
OR 3542 3555 3557
NAND 3541 3557 3558
OR 3541 3557 3559
NAND 3466 3468 3560
NAND 3559 3560 3561
OR 3559 3560 3562
NAND 3528 3562 3563
OR 3528 3562 3564
NAND 3508 3510 3565
NAND 3461 3463 3566
AND 3829 3821 3567
AND 3823 3827 3568
AND 3828 3823 3569
NAND 3448 3568 3570
OR 3448 3568 3571
NAND 3567 3571 3572
OR 3567 3571 3573
NAND 3457 3459 3574
AND 3826 3793 3575
AND 3855 3795 3576
AND 3825 3795 3577
NAND 3456 3576 3578
OR 3456 3576 3579
NAND 3575 3579 3580
OR 3575 3579 3581
NAND 3574 3581 3582
OR 3574 3581 3583
NAND 3573 3583 3584
OR 3573 3583 3585
NAND 3480 3482 3586
NAND 3585 3586 3587
OR 3585 3586 3588
NAND 3566 3588 3589
OR 3566 3588 3590
NAND 3504 3506 3591
NAND 3475 3477 3592
AND 3854 3796 3593
AND 3852 3798 3594
AND 3853 3798 3595
NAND 3474 3594 3596
OR 3474 3594 3597
NAND 3593 3597 3598
OR 3593 3597 3599
NAND 3488 3490 3600
NAND 3599 3600 3601
OR 3599 3600 3602
NAND 3592 3602 3603
OR 3592 3602 3604
NAND 3500 3502 3605
AND 3851 3799 3606
AND 3849 3801 3607
AND 3850 3801 3608
NAND 3487 3607 3609
OR 3487 3607 3610
NAND 3606 3610 3611
OR 3606 3610 3612
NAND 3496 3498 3613
AND 3846 3802 3614
AND 3824 3805 3615
AND 3835 3805 3616
NAND 3495 3615 3617
OR 3495 3615 3618
NAND 3614 3618 3619
OR 3614 3618 3620
NAND 3613 3620 3621
OR 3613 3620 3622
NAND 3612 3622 3623
OR 3612 3622 3624
NAND 3605 3624 3625
OR 3605 3624 3626
NAND 3604 3626 3627
OR 3604 3626 3628
NAND 3591 3628 3629
OR 3591 3628 3630
NAND 3590 3630 3631
OR 3590 3630 3632
NAND 3565 3632 3633
OR 3565 3632 3634
NAND 3564 3634 3635
OR 3564 3634 3636
NAND 3527 3636 3637
OR 3527 3636 3638
NAND 3526 3638 3639
OR 3526 3638 3640
AND 3523 3640 3641
OR 3523 3640 3642
AND 3520 3642 3643
OR 3520 3642 3644
NAND 3522 3644 3645
OR 3522 3644 3646
NAND 3645 3646 3647
AND 3835 3794 3648
AND 3824 3794 3649
NAND 417 3648 3650
AND 3846 3793 3651
OR 417 3648 3652
NAND 3651 3652 3653
NAND 3650 3653 3654
OR 439 450 3655
NAND 3654 3655 3656
AND 3851 3822 3657
AND 3850 3823 3658
AND 3849 3823 3659
NAND 615 3658 3660
OR 615 3658 3661
NAND 3657 3661 3662
OR 3657 3661 3663
OR 3654 3655 3664
NAND 3663 3664 3665
NAND 3656 3665 3666
OR 659 670 3667
NAND 3666 3667 3668
AND 3853 3820 3669
AND 3852 3820 3670
NAND 3852 3820 3671
NAND 934 3670 3672
AND 3854 3819 3673
OR 956 3669 3674
NAND 3673 3674 3675
NAND 3672 3675 3676
OR 978 989 3677
NAND 3660 3662 3678
NAND 3677 3678 3679
OR 3677 3678 3680
NAND 3676 3680 3681
OR 3676 3680 3682
OR 3666 3667 3683
NAND 3682 3683 3684
NAND 3668 3684 3685
OR 1142 1153 3686
NAND 3685 3686 3687
AND 3825 3817 3688
AND 3855 3817 3689
NAND 1646 3688 3690
AND 3814 3826 3691
OR 1646 3688 3692
NAND 3691 3692 3693
NAND 3690 3693 3694
OR 1668 1679 3695
NAND 3694 3695 3696
OR 3085 3096 3697
OR 3694 3695 3698
NAND 3697 3698 3699
NAND 3696 3699 3700
OR 1887 1898 3701
NAND 3679 3681 3702
NAND 3701 3702 3703
OR 3701 3702 3704
NAND 3700 3704 3705
OR 3700 3704 3706
OR 3685 3686 3707
NAND 3706 3707 3708
NAND 3687 3708 3709
OR 2182 2193 3710
NAND 3709 3710 3711
NAND 3703 3705 3712
OR 3044 3127 3713
AND 3712 3713 3714
OR 3712 3713 3715
OR 3709 3710 3716
NAND 3715 3716 3717
NAND 3711 3717 3718
OR 3193 3194 3719
NAND 3718 3719 3720
OR 3718 3719 3721
NAND 3714 3721 3722
NAND 3720 3722 3723
OR 3296 3297 3724
AND 3723 3724 3725
OR 3299 3406 3726
AND 3725 3726 3727
OR 3407 3521 3728
AND 3727 3728 3729
NAND 3727 3728 3730
OR 3727 3728 3731
AND 3835 3793 3732
AND 3824 3793 3733
NAND 3649 3732 3734
AND 3846 3823 3735
OR 3649 3732 3736
NAND 3735 3736 3737
NAND 3734 3737 3738
OR 3651 3652 3739
NAND 3738 3739 3740
AND 3851 3821 3741
AND 3850 3822 3742
AND 3849 3822 3743
NAND 3659 3742 3744
OR 3659 3742 3745
NAND 3741 3745 3746
OR 3741 3745 3747
OR 3738 3739 3748
NAND 3747 3748 3749
NAND 3740 3749 3750
OR 3663 3664 3751
NAND 3750 3751 3752
AND 3853 3819 3753
AND 3852 3819 3754
NAND 3670 3753 3755
AND 3854 3818 3756
OR 3670 3753 3757
NAND 3756 3757 3758
NAND 3755 3758 3759
OR 3673 3674 3760
NAND 3744 3746 3761
NAND 3760 3761 3762
OR 3760 3761 3763
NAND 3759 3763 3764
OR 3759 3763 3765
OR 3750 3751 3766
NAND 3765 3766 3767
NAND 3752 3767 3768
OR 3682 3683 3769
NAND 3768 3769 3770
AND 3814 3825 3771
AND 3814 3855 3772
NAND 3689 3771 3773
AND 3803 3826 3774
OR 3689 3771 3775
NAND 3774 3775 3776
NAND 3773 3776 3777
OR 3691 3692 3778
NAND 3777 3778 3779
AND 3792 3828 3780
AND 3792 3827 3781
AND 3054 3781 3782
OR 3064 3780 3783
OR 3777 3778 3784
NAND 3783 3784 3785
NAND 3779 3785 3786
OR 3697 3698 3787
NAND 3762 3764 1
NAND 3787 1 2
OR 3787 1 3
NAND 3786 3 4
OR 3786 3 5
OR 3768 3769 6
NAND 5 6 7
NAND 3770 7 8
OR 3706 3707 9
NAND 8 9 10
NAND 2 4 11
OR 2992 3116 12
AND 11 12 13
OR 11 12 14
OR 8 9 15
NAND 14 15 16
NAND 10 16 17
OR 3715 3716 18
NAND 17 18 19
OR 17 18 20
NAND 13 20 22
NAND 19 22 23
OR 3714 3721 24
AND 23 24 25
OR 3723 3724 26
AND 25 26 27
OR 3725 3726 28
OR 27 28 29
NAND 27 28 30
AND 29 30 31
AND 3835 3823 33
AND 3824 3823 34
NAND 3733 33 35
AND 3846 3822 36
OR 3733 33 37
NAND 36 37 38
NAND 35 38 39
OR 3735 3736 40
NAND 39 40 41
AND 3851 3820 42
AND 3850 3821 44
AND 3849 3821 45
NAND 3743 44 46
OR 3743 44 47
NAND 42 47 48
OR 42 47 49
OR 39 40 50
NAND 49 50 51
NAND 41 51 52
OR 3747 3748 53
NAND 52 53 55
AND 3853 3818 56
AND 3852 3818 57
NAND 3754 56 58
AND 3854 3817 59
OR 3754 56 60
NAND 59 60 61
NAND 58 61 62
OR 3756 3757 63
NAND 46 48 64
NAND 63 64 66
OR 63 64 67
NAND 62 67 68
OR 62 67 69
OR 52 53 70
NAND 69 70 71
NAND 55 71 72
OR 3765 3766 73
NAND 72 73 74
AND 3803 3825 75
AND 3803 3855 77
NAND 3772 75 78
AND 3792 3826 79
OR 3772 75 80
NAND 79 80 81
NAND 78 81 82
OR 3774 3775 83
NAND 82 83 84
OR 82 83 85
NAND 3781 85 86
NAND 84 86 88
OR 3783 3784 89
NAND 66 68 90
NAND 89 90 91
OR 89 90 92
NAND 88 92 93
OR 88 92 94
OR 72 73 95
NAND 94 95 96
NAND 74 96 97
OR 5 6 99
NAND 97 99 100
NAND 91 93 101
AND 3782 101 102
OR 3782 101 103
OR 97 99 104
NAND 103 104 105
NAND 100 105 106
OR 14 15 107
NAND 106 107 108
OR 106 107 110
NAND 102 110 111
NAND 108 111 112
OR 13 20 113
AND 112 113 114
OR 23 24 115
AND 114 115 116
OR 25 26 117
NAND 116 117 118
OR 116 117 119
AND 3835 3822 121
AND 3824 3822 122
NAND 34 121 123
AND 3846 3821 124
OR 34 121 125
NAND 124 125 126
NAND 123 126 127
OR 36 37 128
NAND 127 128 129
AND 3851 3819 130
AND 3850 3820 132
AND 3849 3820 133
NAND 45 132 134
OR 45 132 135
NAND 130 135 136
OR 130 135 137
OR 127 128 138
NAND 137 138 139
NAND 129 139 140
OR 49 50 141
NAND 140 141 143
AND 3853 3817 144
AND 3852 3817 145
NAND 57 144 146
AND 3814 3854 147
OR 57 144 148
NAND 147 148 149
NAND 146 149 150
OR 59 60 151
NAND 134 136 152
NAND 151 152 154
OR 151 152 155
NAND 150 155 156
OR 150 155 157
OR 140 141 158
NAND 157 158 159
NAND 143 159 160
OR 69 70 161
NAND 160 161 162
AND 3792 3825 163
AND 3792 3855 165
AND 75 165 166
OR 79 80 167
AND 166 167 168
OR 3781 85 169
NAND 154 156 170
NAND 169 170 171
OR 169 170 172
NAND 168 172 173
OR 168 172 174
OR 160 161 176
NAND 174 176 177
NAND 162 177 178
OR 94 95 179
NAND 178 179 180
NAND 171 173 181
OR 178 179 182
NAND 181 182 183
NAND 180 183 184
OR 103 104 185
AND 184 185 187
OR 102 110 188
AND 187 188 189
OR 112 113 190
AND 189 190 191
OR 114 115 192
OR 191 192 193
NAND 191 192 194
AND 193 194 195
AND 3835 3821 196
AND 3824 3821 198
NAND 122 196 199
AND 3846 3820 200
OR 122 196 201
NAND 200 201 202
NAND 199 202 203
OR 124 125 204
NAND 203 204 205
AND 3851 3818 206
AND 3850 3819 207
AND 3849 3819 209
NAND 133 207 210
OR 133 207 211
NAND 206 211 212
OR 206 211 213
OR 203 204 214
NAND 213 214 215
NAND 205 215 216
OR 137 138 217
NAND 216 217 218
AND 3814 3853 220
AND 3814 3852 221
NAND 145 220 222
AND 3803 3854 223
OR 145 220 224
NAND 223 224 225
NAND 222 225 226
OR 147 148 227
NAND 210 212 228
NAND 227 228 229
OR 227 228 231
NAND 226 231 232
OR 226 231 233
OR 216 217 234
NAND 233 234 235
NAND 218 235 236
OR 157 158 237
NAND 236 237 238
NAND 229 232 239
OR 166 167 240
AND 239 240 242
OR 239 240 243
OR 236 237 244
NAND 243 244 245
NAND 238 245 246
OR 174 176 247
NAND 246 247 248
OR 246 247 249
NAND 242 249 250
NAND 248 250 251
OR 181 182 253
AND 251 253 254
OR 184 185 255
AND 254 255 256
OR 187 188 257
AND 256 257 258
OR 189 190 259
NAND 258 259 260
OR 258 259 261
AND 3835 3820 262
AND 3824 3820 264
NAND 198 262 265
AND 3846 3819 266
OR 198 262 267
NAND 266 267 268
NAND 265 268 269
OR 200 201 270
NAND 269 270 271
AND 3851 3817 272
AND 3850 3818 273
NAND 3850 3818 275
AND 3849 3818 276
NAND 209 273 277
OR 209 273 278
NAND 272 278 279
OR 272 278 280
OR 269 270 281
NAND 280 281 282
NAND 271 282 283
OR 213 214 284
NAND 283 284 286
AND 3803 3853 287
AND 3803 3852 288
NAND 221 287 289
AND 3792 3854 290
OR 221 287 291
NAND 290 291 292
NAND 289 292 293
OR 223 224 294
NAND 277 279 295
NAND 294 295 297
OR 294 295 298
NAND 293 298 299
OR 293 298 300
OR 283 284 301
NAND 300 301 302
NAND 286 302 303
OR 233 234 304
NAND 303 304 305
NAND 297 299 306
OR 77 163 308
AND 306 308 309
OR 306 308 310
OR 303 304 311
NAND 310 311 312
NAND 305 312 313
OR 243 244 314
NAND 313 314 315
OR 313 314 316
NAND 309 316 317
NAND 315 317 319
OR 242 249 320
AND 319 320 321
OR 251 253 322
AND 321 322 323
OR 254 255 324
AND 323 324 325
OR 256 257 326
NAND 325 326 327
OR 325 326 328
AND 3835 3819 330
AND 3824 3819 331
NAND 264 330 332
AND 3846 3818 333
OR 264 330 334
NAND 333 334 335
NAND 332 335 336
OR 266 267 337
NAND 336 337 338
AND 3814 3851 339
AND 3850 3817 341
AND 3849 3817 342
NAND 273 342 343
OR 276 341 344
NAND 339 344 345
OR 339 344 346
OR 336 337 347
NAND 346 347 348
NAND 338 348 349
OR 280 281 350
NAND 349 350 352
AND 3792 3853 353
AND 3792 3852 354
AND 287 354 355
OR 290 291 356
NAND 343 345 357
NAND 356 357 358
OR 356 357 359
NAND 355 359 360
OR 355 359 361
OR 349 350 363
NAND 361 363 364
NAND 352 364 365
OR 300 301 366
NAND 365 366 367
NAND 358 360 368
AND 165 368 369
OR 165 368 370
OR 365 366 371
NAND 370 371 372
NAND 367 372 374
OR 310 311 375
NAND 374 375 376
OR 374 375 377
NAND 369 377 378
NAND 376 378 379
OR 309 316 380
AND 379 380 381
OR 319 320 382
AND 381 382 383
OR 321 322 385
AND 383 385 386
OR 323 324 387
NAND 386 387 388
OR 386 387 389
AND 3835 3818 390
AND 3824 3818 391
NAND 331 390 392
AND 3846 3817 393
OR 331 390 394
NAND 393 394 396
NAND 392 396 397
OR 333 334 398
NAND 397 398 399
AND 3803 3851 400
AND 3814 3850 401
AND 3814 3849 402
NAND 342 401 403
OR 342 401 404
NAND 400 404 405
OR 400 404 407
OR 397 398 408
NAND 407 408 409
NAND 399 409 410
OR 346 347 411
NAND 410 411 412
NAND 403 405 413
OR 288 353 414
AND 413 414 415
OR 413 414 416
OR 410 411 418
NAND 416 418 419
NAND 412 419 420
OR 361 363 421
NAND 420 421 422
OR 420 421 423
NAND 415 423 424
NAND 422 424 425
OR 370 371 426
AND 425 426 427
OR 369 377 429
AND 427 429 430
OR 379 380 431
AND 430 431 432
OR 381 382 433
AND 432 433 434
OR 383 385 435
NAND 434 435 436
AND 3835 3817 437
AND 3824 3817 438
NAND 391 437 440
AND 3814 3846 441
NAND 3814 3846 442
OR 391 437 443
NAND 441 443 444
NAND 440 444 445
OR 393 394 446
NAND 445 446 447
AND 3792 3851 448
AND 3803 3850 449
AND 3803 3849 451
NAND 402 449 452
OR 402 449 453
NAND 448 453 454
OR 448 453 455
OR 445 446 456
NAND 455 456 457
NAND 447 457 458
OR 407 408 459
NAND 458 459 460
NAND 452 454 462
AND 354 462 463
OR 354 462 464
OR 458 459 465
NAND 464 465 466
NAND 460 466 467
OR 416 418 468
NAND 467 468 469
OR 467 468 470
NAND 463 470 471
NAND 469 471 473
OR 415 423 474
AND 473 474 475
OR 425 426 476
AND 475 476 477
OR 427 429 478
AND 477 478 479
OR 430 431 480
AND 479 480 481
OR 432 433 482
NAND 481 482 484
AND 3814 3835 485
AND 3814 3824 486
NAND 438 485 487
AND 3803 3846 488
OR 438 485 489
NAND 488 489 490
NAND 487 490 491
OR 441 443 492
NAND 491 492 493
AND 3792 3850 495
AND 3792 3849 496
AND 449 496 497
OR 451 495 498
OR 491 492 499
NAND 498 499 500
NAND 493 500 501
OR 455 456 502
NAND 501 502 503
OR 501 502 504
NAND 497 504 506
NAND 503 506 507
OR 464 465 508
AND 507 508 509
OR 463 470 510
AND 509 510 511
OR 473 474 512
AND 511 512 513
OR 475 476 514
AND 513 514 515
OR 477 478 517
AND 515 517 518
OR 479 480 519
NAND 518 519 520
OR 518 519 521
OR 509 510 522
AND 3803 3835 523
NAND 3803 3835 524
NAND 3803 3824 525
NAND 486 523 526
AND 3792 3846 528
OR 486 523 529
NAND 528 529 530
NAND 526 530 531
OR 488 489 532
NAND 531 532 533
OR 531 532 534
NAND 496 534 535
NAND 533 535 536
OR 498 499 537
AND 536 537 539
OR 497 504 540
AND 539 540 541
OR 507 508 542
AND 541 542 543
AND 522 543 544
AND 512 544 545
OR 513 514 546
AND 545 546 547
OR 515 517 548
NAND 547 548 550
OR 539 540 551
NAND 3792 3835 552
AND 3792 3824 553
AND 523 553 554
OR 528 529 555
AND 554 555 556
OR 496 534 557
AND 556 557 558
OR 536 537 559
AND 558 559 561
AND 551 561 562
AND 542 562 563
NAND 542 562 564
OR 522 543 565
AND 563 565 566
OR 511 544 567
OR 512 567 568
AND 566 568 569
OR 545 546 570
NAND 569 570 572
INV 572 573
OR 547 548 574
NAND 573 574 575
NAND 550 575 576
NAND 521 576 577
NAND 520 577 578
OR 481 482 579
NAND 578 579 580
NAND 484 580 581
OR 434 435 583
NAND 581 583 584
NAND 436 584 585
NAND 389 585 586
NAND 388 586 587
NAND 328 587 588
NAND 327 588 589
NAND 261 589 590
INV 590 591
NAND 195 591 592
NAND 194 260 594
NAND 193 594 595
NAND 592 595 596
NAND 119 596 597
INV 597 598
NAND 31 598 599
NAND 30 118 600
NAND 29 600 601
NAND 599 601 602
NAND 3731 602 603
OR 3647 603 605
NAND 3644 3729 606
AND 3645 606 607
NAND 605 607 608
NAND 3637 3639 609
NAND 3538 3540 610
NAND 3561 3563 611
AND 610 611 612
OR 610 611 613
NAND 3633 3635 614
NAND 3556 3558 616
AND 3838 3792 617
AND 3837 3803 618
AND 3838 3803 619
AND 3529 619 620
OR 617 618 621
NAND 3534 3536 622
AND 3814 3836 623
AND 3833 3818 624
AND 3834 3818 625
NAND 3533 624 627
OR 3533 624 628
NAND 623 628 629
OR 623 628 630
AND 622 630 631
OR 622 630 632
NAND 621 632 633
OR 621 632 634
NAND 3552 3554 635
NAND 3547 3549 636
AND 3832 3819 638
AND 3830 3821 639
AND 3831 3821 640
NAND 3546 639 641
OR 3546 639 642
NAND 638 642 643
OR 638 642 644
NAND 3570 3572 645
NAND 644 645 646
OR 644 645 647
NAND 636 647 649
OR 636 647 650
NAND 635 650 651
OR 635 650 652
NAND 634 652 653
OR 634 652 654
NAND 3587 3589 655
NAND 654 655 656
OR 654 655 657
NAND 616 657 658
OR 616 657 660
NAND 3629 3631 661
NAND 3582 3584 662
AND 3829 3822 663
AND 3793 3827 664
AND 3828 3793 665
NAND 3569 664 666
OR 3569 664 667
NAND 663 667 668
OR 663 667 669
NAND 3578 3580 671
AND 3826 3794 672
AND 3855 3796 673
AND 3825 3796 674
NAND 3577 673 675
OR 3577 673 676
NAND 672 676 677
OR 672 676 678
NAND 671 678 679
OR 671 678 680
NAND 669 680 682
OR 669 680 683
NAND 3601 3603 684
NAND 683 684 685
OR 683 684 686
NAND 662 686 687
OR 662 686 688
NAND 3625 3627 689
NAND 3596 3598 690
AND 3854 3797 691
AND 3852 3799 693
AND 3853 3799 694
NAND 3595 693 695
OR 3595 693 696
NAND 691 696 697
OR 691 696 698
NAND 3609 3611 699
NAND 698 699 700
OR 698 699 701
NAND 690 701 702
OR 690 701 704
NAND 3621 3623 705
AND 3851 3800 706
AND 3849 3802 707
AND 3850 3802 708
NAND 3608 707 709
OR 3608 707 710
NAND 706 710 711
OR 706 710 712
NAND 3617 3619 713
AND 3846 3804 715
AND 3806 3824 716
AND 3806 3835 717
NAND 3616 716 718
OR 3616 716 719
NAND 715 719 720
OR 715 719 721
NAND 713 721 722
OR 713 721 723
NAND 712 723 724
OR 712 723 726
NAND 705 726 727
OR 705 726 728
NAND 704 728 729
OR 704 728 730
NAND 689 730 731
OR 689 730 732
NAND 688 732 733
OR 688 732 734
NAND 661 734 735
OR 661 734 737
NAND 660 737 738
OR 660 737 739
NAND 614 739 740
OR 614 739 741
NAND 613 741 742
OR 613 741 743
NAND 609 743 744
OR 609 743 745
NAND 3525 745 746
OR 3525 745 748
AND 3641 748 749
OR 3641 748 750
AND 3643 750 751
OR 3643 750 752
NAND 608 752 753
INV 753 754
NAND 744 746 755
NAND 740 742 756
NAND 620 631 757
INV 757 759
OR 620 631 760
NAND 633 760 761
AND 757 761 762
NAND 656 658 763
AND 762 763 764
OR 762 763 765
NAND 735 738 766
NAND 651 653 767
AND 3839 3792 768
AND 3837 3814 770
AND 3814 3838 771
NAND 619 770 772
OR 619 770 773
NAND 768 773 774
OR 768 773 775
NAND 627 629 776
AND 3836 3817 777
AND 3833 3819 778
AND 3834 3819 779
NAND 625 778 781
OR 625 778 782
NAND 777 782 783
OR 777 782 784
NAND 776 784 785
OR 776 784 786
NAND 775 786 787
OR 775 786 788
NAND 646 649 789
NAND 641 643 790
AND 3832 3820 792
AND 3830 3822 793
AND 3831 3822 794
NAND 640 793 795
OR 640 793 796
NAND 792 796 797
OR 792 796 798
NAND 666 668 799
NAND 798 799 800
OR 798 799 801
NAND 790 801 803
OR 790 801 804
NAND 789 804 805
OR 789 804 806
NAND 788 806 807
OR 788 806 808
NAND 685 687 809
NAND 808 809 810
OR 808 809 811
NAND 767 811 812
OR 767 811 814
NAND 731 733 815
NAND 679 682 816
AND 3829 3823 817
AND 3794 3827 818
AND 3828 3794 819
NAND 665 818 820
OR 665 818 821
NAND 817 821 822
OR 817 821 823
NAND 675 677 825
AND 3826 3795 826
AND 3855 3797 827
AND 3825 3797 828
NAND 674 827 829
OR 674 827 830
NAND 826 830 831
OR 826 830 832
NAND 825 832 833
OR 825 832 834
NAND 823 834 836
OR 823 834 837
NAND 700 702 838
NAND 837 838 839
OR 837 838 840
NAND 816 840 841
OR 816 840 842
NAND 727 729 843
NAND 695 697 844
AND 3854 3798 845
AND 3852 3800 847
AND 3853 3800 848
NAND 694 847 849
OR 694 847 850
NAND 845 850 851
OR 845 850 852
NAND 709 711 853
NAND 852 853 854
OR 852 853 855
NAND 844 855 856
OR 844 855 858
NAND 722 724 859
AND 3851 3801 860
AND 3849 3804 861
AND 3850 3804 862
NAND 708 861 863
OR 708 861 864
NAND 860 864 865
OR 860 864 866
NAND 718 720 867
AND 3846 3805 869
AND 3807 3824 870
AND 3807 3835 871
NAND 717 870 872
OR 717 870 873
NAND 869 873 874
OR 869 873 875
NAND 867 875 876
OR 867 875 877
NAND 866 877 878
OR 866 877 880
NAND 859 880 881
OR 859 880 882
NAND 858 882 883
OR 858 882 884
NAND 843 884 885
OR 843 884 886
NAND 842 886 887
OR 842 886 888
NAND 815 888 889
OR 815 888 891
NAND 814 891 892
OR 814 891 893
NAND 766 893 894
OR 766 893 895
NAND 765 895 896
OR 765 895 897
NAND 756 897 898
OR 756 897 899
NAND 612 899 900
OR 612 899 902
AND 755 902 903
OR 755 902 904
NAND 749 904 905
OR 749 904 906
OR 751 906 907
NAND 753 907 908
NAND 754 906 909
AND 3790 362 910
AND 3789 910 911
NAND 751 906 913
AND 911 913 914
AND 908 914 915
NAND 909 915 916
AND 3838 3806 917
OR 3838 3806 918
OR 3838 3806 919
OR 3837 3805 920
NAND 3837 3805 921
NAND 3804 3836 922
OR 3804 3836 924
AND 922 924 925
OR 3802 3834 926
NAND 3802 3834 927
NAND 3801 3833 928
OR 3801 3833 929
AND 928 929 930
NAND 3800 3832 931
OR 3800 3832 932
NAND 3799 3831 933
OR 3799 3831 935
AND 933 935 936
AND 3798 3830 937
OR 3798 3830 938
AND 3797 3829 939
NAND 3797 3829 940
OR 3797 3829 941
AND 940 941 942
OR 3796 3828 943
AND 3796 3828 944
AND 3827 3795 946
NAND 3827 3795 947
OR 3827 3795 948
AND 947 948 949
OR 3826 3794 950
OR 3825 3793 951
OR 3825 3793 952
OR 3855 3823 953
OR 3854 3822 954
AND 1208 954 955
OR 3853 3821 957
OR 3852 3820 958
AND 3671 958 959
OR 3851 3819 960
OR 3850 3818 961
AND 275 961 962
OR 3849 3817 963
OR 3814 3846 964
AND 442 964 965
OR 3803 3835 966
OR 3803 3835 968
NAND 553 968 969
NAND 524 969 970
NAND 965 970 971
NAND 442 971 972
AND 963 972 973
OR 342 973 974
NAND 962 974 975
NAND 275 975 976
AND 960 976 977
OR 130 977 979
NAND 959 979 980
NAND 3671 980 981
AND 957 981 982
OR 934 982 983
NAND 955 983 984
NAND 1208 984 985
AND 953 985 986
OR 3234 986 987
AND 952 987 988
OR 3343 988 990
OR 672 990 991
AND 950 991 992
NAND 949 992 993
NAND 947 993 994
AND 943 994 995
OR 944 995 996
NAND 942 996 997
NAND 940 997 998
AND 938 998 999
OR 937 999 1001
NAND 936 1001 1002
NAND 933 1002 1003
NAND 932 1003 1004
NAND 931 1004 1005
NAND 930 1005 1006
NAND 928 1006 1007
NAND 926 1007 1008
NAND 927 1008 1009
NAND 925 1009 1010
NAND 922 1010 1012
NAND 920 1012 1013
NAND 921 1013 1014
AND 919 1014 1015
OR 3839 3807 1016
NAND 3839 3807 1017
AND 1016 1017 1018
OR 917 1018 1019
OR 1015 1019 1020
NAND 1015 1018 1021
NAND 3788 373 1023
OR 3790 1023 1024
NAND 917 1018 1025
AND 1024 1025 1026
AND 1020 1026 1027
NAND 1021 1027 1028
AND 351 3789 1029
AND 362 1029 1030
NAND 362 1029 1031
AND 920 921 1032
NAND 3804 252 1034
OR 1032 1034 1035
NAND 21 3805 1036
NAND 1035 1036 1037
AND 926 927 1038
OR 930 1038 1039
AND 931 932 1040
NAND 153 3830 1041
OR 153 3830 1042
NAND 3797 197 1043
NAND 3796 186 1045
OR 3796 186 1046
NAND 274 3795 1047
NAND 175 3794 1048
OR 175 3794 1049
NAND 164 3793 1050
NAND 142 3823 1051
OR 3855 3823 1052
NAND 131 3822 1053
NAND 120 3821 1054
OR 120 3821 1056
NAND 109 3820 1057
NAND 98 3819 1058
OR 98 3819 1059
NAND 87 3818 1060
NAND 3814 76 1061
NAND 3803 65 1062
AND 54 3824 1063
OR 968 1063 1064
AND 1062 1064 1065
OR 965 1065 1067
NAND 1061 1067 1068
NAND 3817 1068 1069
NAND 3849 1069 1070
OR 3817 1068 1071
NAND 1070 1071 1072
OR 962 1072 1073
NAND 1060 1073 1074
NAND 1059 1074 1075
AND 1058 1075 1076
OR 959 1076 1078
NAND 1057 1078 1079
NAND 1056 1079 1080
AND 1054 1080 1081
OR 955 1081 1082
AND 1053 1082 1083
OR 1052 1083 1084
AND 1051 1084 1085
OR 952 1085 1086
NAND 1050 1086 1087
NAND 1049 1087 1089
AND 1048 1089 1090
OR 949 1090 1091
NAND 1047 1091 1092
NAND 1046 1092 1093
AND 1045 1093 1094
OR 942 1094 1095
AND 1043 1095 1096
NAND 1042 1096 1097
NAND 1041 1097 1098
OR 936 1098 1100
OR 1040 1100 1101
OR 1039 1101 1102
NAND 3799 208 1103
OR 1040 1103 1104
NAND 3800 219 1105
AND 1104 1105 1106
OR 1039 1106 1107
NAND 3802 241 1108
NAND 3801 230 1109
OR 1038 1109 1111
AND 1108 1111 1112
AND 1107 1112 1113
AND 1102 1113 1114
OR 925 1114 1115
OR 1032 1115 1116
OR 1037 1116 1117
OR 919 1117 1118
NAND 32 3806 1119
AND 1118 1119 1120
OR 1018 1120 1122
NAND 1030 1122 1123
OR 351 1023 1124
OR 910 1029 1125
AND 1023 1031 1126
AND 3788 1029 1127
NAND 3788 1029 1128
OR 910 1127 1129
AND 1023 1125 1130
NAND 3807 1130 1131
OR 1017 1128 1133
NAND 1018 1124 1134
AND 373 910 1135
NAND 1016 1135 1136
AND 1134 1136 1137
AND 1133 1137 1138
AND 1131 1138 1139
AND 1123 1139 1140
AND 1028 1140 1141
NAND 916 1141 3871
AND 905 913 1143
NAND 909 1143 1144
NAND 898 900 1145
NAND 894 896 1146
NAND 3792 3840 1147
AND 772 774 1148
OR 1147 1148 1149
OR 1147 1148 1150
NAND 785 787 1151
NAND 1150 1151 1152
OR 1150 1151 1154
AND 759 1154 1155
OR 757 1154 1156
AND 810 812 1157
OR 1156 1157 1158
OR 1156 1157 1159
NAND 889 892 1160
NAND 805 807 1161
AND 3803 3839 1162
AND 3837 3817 1163
AND 3838 3817 1165
NAND 771 1163 1166
OR 771 1163 1167
NAND 1162 1167 1168
OR 1162 1167 1169
NAND 781 783 1170
AND 3836 3818 1171
AND 3833 3820 1172
AND 3820 3834 1173
NAND 779 1172 1174
OR 779 1172 1176
NAND 1171 1176 1177
OR 1171 1176 1178
NAND 1170 1178 1179
OR 1170 1178 1180
NAND 1169 1180 1181
OR 1169 1180 1182
NAND 800 803 1183
NAND 795 797 1184
AND 3832 3821 1185
AND 3830 3823 1187
AND 3823 3831 1188
NAND 794 1187 1189
OR 794 1187 1190
NAND 1185 1190 1191
OR 1185 1190 1192
NAND 820 822 1193
NAND 1192 1193 1194
OR 1192 1193 1195
NAND 1184 1195 1196
OR 1184 1195 1198
NAND 1183 1198 1199
OR 1183 1198 1200
NAND 1182 1200 1201
OR 1182 1200 1202
NAND 839 841 1203
NAND 1202 1203 1204
OR 1202 1203 1205
NAND 1161 1205 1206
OR 1161 1205 1207
NAND 885 887 1209
NAND 833 836 1210
AND 3829 3793 1211
AND 3828 3795 1212
NAND 819 946 1213
OR 819 946 1214
NAND 1211 1214 1215
OR 1211 1214 1216
NAND 829 831 1217
AND 3826 3796 1218
AND 3855 3798 1220
AND 3798 3825 1221
NAND 828 1220 1222
OR 828 1220 1223
NAND 1218 1223 1224
OR 1218 1223 1225
NAND 1217 1225 1226
OR 1217 1225 1227
NAND 1216 1227 1228
OR 1216 1227 1229
NAND 854 856 1231
NAND 1229 1231 1232
OR 1229 1231 1233
NAND 1210 1233 1234
OR 1210 1233 1235
NAND 881 883 1236
NAND 849 851 1237
AND 3854 3799 1238
AND 3852 3801 1239
AND 3801 3853 1240
NAND 848 1239 1242
OR 848 1239 1243
NAND 1238 1243 1244
OR 1238 1243 1245
NAND 863 865 1246
NAND 1245 1246 1247
OR 1245 1246 1248
NAND 1237 1248 1249
OR 1237 1248 1250
NAND 876 878 1251
AND 3851 3802 1253
AND 3849 3805 1254
AND 3805 3850 1255
NAND 862 1254 1256
OR 862 1254 1257
NAND 1253 1257 1258
OR 1253 1257 1259
NAND 872 874 1260
AND 3806 3846 1261
AND 3824 3808 1262
AND 3808 3835 1264
NAND 871 1262 1265
OR 871 1262 1266
NAND 1261 1266 1267
OR 1261 1266 1268
NAND 1260 1268 1269
OR 1260 1268 1270
NAND 1259 1270 1271
OR 1259 1270 1272
NAND 1251 1272 1273
OR 1251 1272 1275
NAND 1250 1275 1276
OR 1250 1275 1277
NAND 1236 1277 1278
OR 1236 1277 1279
NAND 1235 1279 1280
OR 1235 1279 1281
NAND 1209 1281 1282
OR 1209 1281 1283
NAND 1207 1283 1284
OR 1207 1283 1286
NAND 1160 1286 1287
OR 1160 1286 1288
NAND 1159 1288 1289
OR 1159 1288 1290
NAND 1146 1290 1291
OR 1146 1290 1292
NAND 764 1292 1293
OR 764 1292 1294
AND 1145 1294 1295
OR 1145 1294 1297
NAND 903 1297 1298
OR 903 1297 1299
NAND 1144 1299 1300
OR 1144 1299 1301
NAND 911 1301 1302
NAND 3808 3840 1303
OR 3808 3840 1304
AND 1303 1304 1305
AND 1017 1025 1306
NAND 1021 1306 1308
NAND 1305 1308 1309
OR 1305 1308 1310
NAND 1024 1310 1311
OR 919 1018 1312
NAND 1116 1312 1313
NAND 1037 1312 1314
NAND 43 3807 1315
OR 1018 1119 1316
AND 1315 1316 1317
AND 1314 1317 1319
AND 1313 1319 1320
OR 1305 1320 1321
OR 1305 1320 1322
NAND 1030 1322 1323
NAND 3808 1130 1324
OR 1128 1303 1325
NAND 1124 1305 1326
NAND 1135 1304 1327
AND 1326 1327 1328
AND 1325 1328 1330
AND 1324 1330 1331
AND 1323 1331 1332
AND 1311 1332 1333
NAND 1302 1333 3872
NAND 1298 1300 1334
NAND 1291 1293 1335
NAND 1287 1289 1336
NAND 1204 1206 1337
AND 3792 3841 1338
AND 3803 3840 1340
AND 3803 3841 1341
AND 1338 1340 1342
OR 1338 1340 1343
NAND 1166 1168 1344
AND 1343 1344 1345
OR 1343 1344 1346
NAND 1179 1181 1347
NAND 1346 1347 1348
OR 1346 1347 1349
NAND 1348 1349 1351
AND 1149 1152 1352
OR 1351 1352 1353
NAND 1337 1353 1354
OR 1337 1353 1355
NAND 1155 1355 1356
OR 1155 1355 1357
NAND 1282 1284 1358
NAND 1199 1201 1359
AND 3814 3839 1360
AND 3837 3818 1362
AND 3838 3818 1363
NAND 1165 1362 1364
OR 1165 1362 1365
NAND 1360 1365 1366
OR 1360 1365 1367
NAND 1174 1177 1368
AND 3819 3836 1369
AND 3821 3833 1370
AND 3821 3834 1371
NAND 1173 1370 1373
OR 1173 1370 1374
NAND 1369 1374 1375
OR 1369 1374 1376
NAND 1368 1376 1377
OR 1368 1376 1378
NAND 1367 1378 1379
OR 1367 1378 1380
NAND 1194 1196 1381
NAND 1189 1191 1382
AND 3822 3832 1384
AND 3793 3830 1385
AND 3793 3831 1386
NAND 1188 1385 1387
OR 1188 1385 1388
NAND 1384 1388 1389
OR 1384 1388 1390
NAND 1213 1215 1391
NAND 1390 1391 1392
OR 1390 1391 1393
NAND 1382 1393 1395
OR 1382 1393 1396
NAND 1381 1396 1397
OR 1381 1396 1398
NAND 1380 1398 1399
OR 1380 1398 1400
NAND 1232 1234 1401
NAND 1400 1401 1402
OR 1400 1401 1403
NAND 1359 1403 1404
OR 1359 1403 1406
NAND 1278 1280 1407
NAND 1226 1228 1408
AND 3794 3829 1409
AND 3796 3827 1410
NAND 944 946 1411
OR 1212 1410 1412
NAND 1409 1412 1413
OR 1409 1412 1414
NAND 1222 1224 1415
AND 3797 3826 1417
AND 3799 3855 1418
AND 3799 3825 1419
NAND 1221 1418 1420
OR 1221 1418 1421
NAND 1417 1421 1422
OR 1417 1421 1423
NAND 1415 1423 1424
OR 1415 1423 1425
NAND 1414 1425 1426
OR 1414 1425 1428
NAND 1247 1249 1429
NAND 1428 1429 1430
OR 1428 1429 1431
NAND 1408 1431 1432
OR 1408 1431 1433
NAND 1273 1276 1434
NAND 1242 1244 1435
AND 3800 3854 1436
AND 3802 3852 1437
AND 3802 3853 1439
NAND 1240 1437 1440
OR 1240 1437 1441
NAND 1436 1441 1442
OR 1436 1441 1443
NAND 1256 1258 1444
NAND 1443 1444 1445
OR 1443 1444 1446
NAND 1435 1446 1447
OR 1435 1446 1448
NAND 1269 1271 1450
AND 3804 3851 1451
AND 3806 3849 1452
AND 3806 3850 1453
NAND 1255 1452 1454
OR 1255 1452 1455
NAND 1451 1455 1456
OR 1451 1455 1457
NAND 1265 1267 1458
AND 3807 3846 1459
AND 3824 3809 1461
AND 3835 3809 1462
NAND 1264 1461 1463
OR 1264 1461 1464
NAND 1459 1464 1465
OR 1459 1464 1466
NAND 1458 1466 1467
OR 1458 1466 1468
NAND 1457 1468 1469
OR 1457 1468 1470
NAND 1450 1470 1472
OR 1450 1470 1473
NAND 1448 1473 1474
OR 1448 1473 1475
NAND 1434 1475 1476
OR 1434 1475 1477
NAND 1433 1477 1478
OR 1433 1477 1479
NAND 1407 1479 1480
OR 1407 1479 1481
NAND 1406 1481 1483
OR 1406 1481 1484
NAND 1358 1484 1485
OR 1358 1484 1486
NAND 1357 1486 1487
OR 1357 1486 1488
NAND 1336 1488 1489
OR 1336 1488 1490
NAND 1158 1490 1491
OR 1158 1490 1492
AND 1335 1492 1494
OR 1335 1492 1495
NAND 1295 1495 1496
OR 1295 1495 1497
NAND 1334 1497 1498
OR 1334 1497 1499
NAND 911 1499 1500
NAND 3809 3841 1501
OR 3809 3841 1502
AND 1501 1502 1503
NAND 1303 1309 1505
OR 1503 1505 1506
NAND 1024 1506 1507
NAND 3808 263 1508
AND 1321 1508 1509
OR 1503 1509 1510
NAND 1030 1510 1511
NAND 3809 1130 1512
OR 1128 1501 1513
NAND 1124 1503 1514
NAND 1135 1502 1516
AND 1514 1516 1517
AND 1513 1517 1518
AND 1512 1518 1519
AND 1511 1519 1520
AND 1507 1520 1521
NAND 1500 1521 3873
NAND 1496 1498 1522
NAND 1489 1491 1523
NAND 1354 1356 1524
NAND 1485 1487 1526
OR 1152 1351 1527
AND 3792 3842 1528
AND 3814 3840 1529
AND 3814 3841 1530
NAND 1341 1529 1531
OR 1341 1529 1532
NAND 1528 1532 1533
OR 1528 1532 1534
NAND 1364 1366 1535
NAND 1534 1535 1537
OR 1534 1535 1538
NAND 1342 1538 1539
OR 1342 1538 1540
NAND 1377 1379 1541
NAND 1540 1541 1542
OR 1540 1541 1543
NAND 1345 1543 1544
OR 1345 1543 1545
NAND 1149 1348 1546
AND 1349 1546 1548
AND 1545 1548 1549
OR 1545 1548 1550
NAND 1402 1404 1551
NAND 1550 1551 1552
OR 1550 1551 1553
NAND 1527 1553 1554
OR 1527 1553 1555
NAND 1480 1483 1556
NAND 1397 1399 1557
AND 3839 3817 1559
AND 3837 3819 1560
AND 3838 3819 1561
NAND 1363 1560 1562
OR 1363 1560 1563
NAND 1559 1563 1564
OR 1559 1563 1565
NAND 1373 1375 1566
AND 3820 3836 1567
AND 3822 3833 1568
AND 3822 3834 1570
NAND 1371 1568 1571
OR 1371 1568 1572
NAND 1567 1572 1573
OR 1567 1572 1574
NAND 1566 1574 1575
OR 1566 1574 1576
NAND 1565 1576 1577
OR 1565 1576 1578
NAND 1392 1395 1579
NAND 1387 1389 1581
AND 3823 3832 1582
AND 3794 3830 1583
AND 3794 3831 1584
NAND 1386 1583 1585
OR 1386 1583 1586
NAND 1582 1586 1587
OR 1582 1586 1588
NAND 1411 1413 1589
NAND 1588 1589 1590
OR 1588 1589 1592
NAND 1581 1592 1593
OR 1581 1592 1594
NAND 1579 1594 1595
OR 1579 1594 1596
NAND 1578 1596 1597
OR 1578 1596 1598
NAND 1430 1432 1599
NAND 1598 1599 1600
OR 1598 1599 1601
NAND 1557 1601 1603
OR 1557 1601 1604
NAND 1476 1478 1605
NAND 1424 1426 1606
AND 3829 3795 1607
AND 3797 3827 1608
AND 3797 3828 1609
NAND 944 1608 1610
OR 944 1608 1611
NAND 1607 1611 1612
OR 1607 1611 1614
NAND 1420 1422 1615
AND 3798 3826 1616
AND 3800 3855 1617
AND 3800 3825 1618
NAND 1419 1617 1619
OR 1419 1617 1620
NAND 1616 1620 1621
OR 1616 1620 1622
NAND 1615 1622 1623
OR 1615 1622 1625
NAND 1614 1625 1626
OR 1614 1625 1627
NAND 1445 1447 1628
NAND 1627 1628 1629
OR 1627 1628 1630
NAND 1606 1630 1631
OR 1606 1630 1632
NAND 1472 1474 1633
NAND 1440 1442 1634
AND 3801 3854 1636
AND 3804 3852 1637
AND 3804 3853 1638
NAND 1439 1637 1639
OR 1439 1637 1640
NAND 1636 1640 1641
OR 1636 1640 1642
NAND 1454 1456 1643
NAND 1642 1643 1644
OR 1642 1643 1645
NAND 1634 1645 1647
OR 1634 1645 1648
NAND 1467 1469 1649
AND 3805 3851 1650
AND 3807 3849 1651
AND 3807 3850 1652
NAND 1453 1651 1653
OR 1453 1651 1654
NAND 1650 1654 1655
OR 1650 1654 1656
NAND 1463 1465 1658
AND 3808 3846 1659
AND 3824 3810 1660
AND 3835 3810 1661
NAND 1462 1660 1662
OR 1462 1660 1663
NAND 1659 1663 1664
OR 1659 1663 1665
NAND 1658 1665 1666
OR 1658 1665 1667
NAND 1656 1667 1669
OR 1656 1667 1670
NAND 1649 1670 1671
OR 1649 1670 1672
NAND 1648 1672 1673
OR 1648 1672 1674
NAND 1633 1674 1675
OR 1633 1674 1676
NAND 1632 1676 1677
OR 1632 1676 1678
NAND 1605 1678 1680
OR 1605 1678 1681
NAND 1604 1681 1682
OR 1604 1681 1683
NAND 1556 1683 1684
OR 1556 1683 1685
NAND 1555 1685 1686
OR 1555 1685 1687
NAND 1526 1687 1688
OR 1526 1687 1689
NAND 1524 1689 1691
OR 1524 1689 1692
AND 1523 1692 1693
OR 1523 1692 1694
NAND 1494 1694 1695
OR 1494 1694 1696
NAND 1522 1696 1697
OR 1522 1696 1698
NAND 911 1698 1699
NAND 3810 3842 1700
OR 3810 3842 1702
AND 1700 1702 1703
NAND 1502 1505 1704
NAND 1501 1704 1705
NAND 1703 1705 1706
OR 1703 1705 1707
NAND 1024 1707 1708
OR 1321 1503 1709
OR 1503 1508 1710
NAND 3809 285 1711
AND 1710 1711 1713
AND 1709 1713 1714
OR 1703 1713 1715
OR 1703 1714 1716
OR 1703 1714 1717
NAND 1030 1717 1718
NAND 3810 1130 1719
OR 1128 1700 1720
NAND 1124 1703 1721
NAND 1135 1702 1722
AND 1721 1722 1724
AND 1720 1724 1725
AND 1719 1725 1726
AND 1718 1726 1727
AND 1708 1727 1728
NAND 1699 1728 3874
NAND 1695 1697 1729
NAND 1688 1691 1730
NAND 1552 1554 1731
NAND 1684 1686 1732
AND 3792 3843 1734
NAND 1542 1544 1735
NAND 1537 1539 1736
NAND 1531 1533 1737
AND 3803 3842 1738
AND 3817 3840 1739
AND 3817 3841 1740
NAND 1530 1739 1741
OR 1530 1739 1742
NAND 1738 1742 1743
OR 1738 1742 1745
NAND 1562 1564 1746
NAND 1745 1746 1747
OR 1745 1746 1748
NAND 1737 1748 1749
OR 1737 1748 1750
NAND 1575 1577 1751
NAND 1750 1751 1752
OR 1750 1751 1753
NAND 1736 1753 1754
OR 1736 1753 1756
NAND 1735 1756 1757
OR 1735 1756 1758
NAND 1734 1758 1759
OR 1734 1758 1760
NAND 1600 1603 1761
NAND 1760 1761 1762
OR 1760 1761 1763
NAND 1549 1763 1764
OR 1549 1763 1765
NAND 1680 1682 1767
NAND 1595 1597 1768
AND 3839 3818 1769
AND 3837 3820 1770
AND 3838 3820 1771
NAND 1561 1770 1772
OR 1561 1770 1773
NAND 1769 1773 1774
OR 1769 1773 1775
NAND 1571 1573 1776
AND 3821 3836 1778
AND 3823 3833 1779
AND 3823 3834 1780
NAND 1570 1779 1781
OR 1570 1779 1782
NAND 1778 1782 1783
OR 1778 1782 1784
NAND 1776 1784 1785
OR 1776 1784 1786
NAND 1775 1786 1787
OR 1775 1786 1789
NAND 1590 1593 1790
NAND 1585 1587 1791
AND 3793 3832 1792
AND 3830 3795 1793
AND 3831 3795 1794
NAND 1584 1793 1795
OR 1584 1793 1796
NAND 1792 1796 1797
OR 1792 1796 1798
NAND 1610 1612 1800
NAND 1798 1800 1801
OR 1798 1800 1802
NAND 1791 1802 1803
OR 1791 1802 1804
NAND 1790 1804 1805
OR 1790 1804 1806
NAND 1789 1806 1807
OR 1789 1806 1808
NAND 1629 1631 1809
NAND 1808 1809 1811
OR 1808 1809 1812
NAND 1768 1812 1813
OR 1768 1812 1814
NAND 1675 1677 1815
NAND 1623 1626 1816
AND 3796 3829 1817
AND 3798 3827 1818
AND 3798 3828 1819
NAND 1609 1818 1820
OR 1609 1818 1822
NAND 1817 1822 1823
OR 1817 1822 1824
NAND 1619 1621 1825
AND 3799 3826 1826
AND 3801 3855 1827
AND 3801 3825 1828
NAND 1618 1827 1829
OR 1618 1827 1830
NAND 1826 1830 1831
OR 1826 1830 1833
NAND 1825 1833 1834
OR 1825 1833 1835
NAND 1824 1835 1836
OR 1824 1835 1837
NAND 1644 1647 1838
NAND 1837 1838 1839
OR 1837 1838 1840
NAND 1816 1840 1841
OR 1816 1840 1842
NAND 1671 1673 1844
NAND 1639 1641 1845
AND 3802 3854 1846
AND 3805 3852 1847
AND 3805 3853 1848
NAND 1638 1847 1849
OR 1638 1847 1850
NAND 1846 1850 1851
OR 1846 1850 1852
NAND 1653 1655 1853
NAND 1852 1853 1855
OR 1852 1853 1856
NAND 1845 1856 1857
OR 1845 1856 1858
NAND 1666 1669 1859
AND 3806 3851 1860
AND 3808 3849 1861
AND 3808 3850 1862
NAND 1652 1861 1863
OR 1652 1861 1864
NAND 1860 1864 1866
OR 1860 1864 1867
NAND 1662 1664 1868
AND 3846 3809 1869
AND 3824 3811 1870
AND 3835 3811 1871
NAND 1661 1870 1872
OR 1661 1870 1873
NAND 1869 1873 1874
OR 1869 1873 1875
NAND 1868 1875 1877
OR 1868 1875 1878
NAND 1867 1878 1879
OR 1867 1878 1880
NAND 1859 1880 1881
OR 1859 1880 1882
NAND 1858 1882 1883
OR 1858 1882 1884
NAND 1844 1884 1885
OR 1844 1884 1886
NAND 1842 1886 1888
OR 1842 1886 1889
NAND 1815 1889 1890
OR 1815 1889 1891
NAND 1814 1891 1892
OR 1814 1891 1893
NAND 1767 1893 1894
OR 1767 1893 1895
NAND 1765 1895 1896
OR 1765 1895 1897
NAND 1732 1897 1899
OR 1732 1897 1900
NAND 1731 1900 1901
OR 1731 1900 1902
AND 1730 1902 1903
OR 1730 1902 1904
NAND 1693 1904 1905
OR 1693 1904 1906
NAND 1729 1906 1907
OR 1729 1906 1908
NAND 911 1908 1910
NAND 3811 3843 1911
OR 3811 3843 1912
AND 1911 1912 1913
NAND 1700 1706 1914
OR 1913 1914 1915
NAND 1024 1915 1916
NAND 3810 296 1917
AND 1716 1917 1918
OR 1913 1918 1919
NAND 1030 1919 1921
NAND 1124 1913 1922
NAND 1135 1912 1923
AND 1922 1923 1924
OR 1128 1911 1925
NAND 3811 1130 1926
AND 1925 1926 1927
AND 1924 1927 1928
AND 1921 1928 1929
AND 1916 1929 1930
NAND 1910 1930 3875
NAND 1905 1907 1932
NAND 1899 1901 1933
NAND 1762 1764 1934
NAND 1894 1896 1935
NAND 1757 1759 1936
AND 3792 3844 1937
AND 3803 3843 1938
AND 3803 3844 1939
AND 1734 1939 1940
OR 1937 1938 1942
NAND 1752 1754 1943
NAND 1747 1749 1944
NAND 1741 1743 1945
AND 3814 3842 1946
AND 3818 3840 1947
AND 3818 3841 1948
NAND 1740 1947 1949
OR 1740 1947 1950
NAND 1946 1950 1951
OR 1946 1950 1953
NAND 1772 1774 1954
NAND 1953 1954 1955
OR 1953 1954 1956
NAND 1945 1956 1957
OR 1945 1956 1958
NAND 1785 1787 1959
NAND 1958 1959 1960
OR 1958 1959 1961
NAND 1944 1961 1962
OR 1944 1961 1964
NAND 1943 1964 1965
OR 1943 1964 1966
NAND 1942 1966 1967
OR 1942 1966 1968
NAND 1811 1813 1969
NAND 1968 1969 1970
OR 1968 1969 1971
NAND 1936 1971 1972
OR 1936 1971 1973
NAND 1890 1892 1975
NAND 1805 1807 1976
AND 3839 3819 1977
AND 3837 3821 1978
AND 3838 3821 1979
NAND 1771 1978 1980
OR 1771 1978 1981
NAND 1977 1981 1982
OR 1977 1981 1983
NAND 1781 1783 1984
AND 3822 3836 1986
AND 3793 3833 1987
AND 3793 3834 1988
NAND 1780 1987 1989
OR 1780 1987 1990
NAND 1986 1990 1991
OR 1986 1990 1992
NAND 1984 1992 1993
OR 1984 1992 1994
NAND 1983 1994 1995
OR 1983 1994 1997
NAND 1801 1803 1998
NAND 1795 1797 1999
AND 3794 3832 2000
AND 3796 3830 2001
AND 3796 3831 2002
NAND 1794 2001 2003
OR 1794 2001 2004
NAND 2000 2004 2005
OR 2000 2004 2006
NAND 1820 1823 2008
NAND 2006 2008 2009
OR 2006 2008 2010
NAND 1999 2010 2011
OR 1999 2010 2012
NAND 1998 2012 2013
OR 1998 2012 2014
NAND 1997 2014 2015
OR 1997 2014 2016
NAND 1839 1841 2017
NAND 2016 2017 2019
OR 2016 2017 2020
NAND 1976 2020 2021
OR 1976 2020 2022
NAND 1885 1888 2023
NAND 1834 1836 2024
AND 3799 3827 2025
AND 3799 3828 2026
NAND 1819 2025 2027
OR 1819 2025 2028
NAND 939 2028 2030
OR 939 2028 2031
NAND 1829 1831 2032
AND 3800 3826 2033
AND 3802 3855 2034
AND 3802 3825 2035
NAND 1828 2034 2036
OR 1828 2034 2037
NAND 2033 2037 2038
OR 2033 2037 2039
NAND 2032 2039 2041
OR 2032 2039 2042
NAND 2031 2042 2043
OR 2031 2042 2044
NAND 1855 1857 2045
NAND 2044 2045 2046
OR 2044 2045 2047
NAND 2024 2047 2048
OR 2024 2047 2049
NAND 1881 1883 2050
NAND 1849 1851 2052
AND 3804 3854 2053
AND 3806 3852 2054
AND 3806 3853 2055
NAND 1848 2054 2056
OR 1848 2054 2057
NAND 2053 2057 2058
OR 2053 2057 2059
NAND 1863 1866 2060
NAND 2059 2060 2061
OR 2059 2060 2063
NAND 2052 2063 2064
OR 2052 2063 2065
NAND 1877 1879 2066
AND 3807 3851 2067
AND 3849 3809 2068
AND 3850 3809 2069
NAND 1862 2068 2070
OR 1862 2068 2071
NAND 2067 2071 2072
OR 2067 2071 2074
NAND 1872 1874 2075
AND 3846 3810 2076
AND 3824 3812 2077
AND 3835 3812 2078
NAND 1871 2077 2079
OR 1871 2077 2080
NAND 2076 2080 2081
OR 2076 2080 2082
NAND 2075 2082 2083
OR 2075 2082 2085
NAND 2074 2085 2086
OR 2074 2085 2087
NAND 2066 2087 2088
OR 2066 2087 2089
NAND 2065 2089 2090
OR 2065 2089 2091
NAND 2050 2091 2092
OR 2050 2091 2093
NAND 2049 2093 2094
OR 2049 2093 2096
NAND 2023 2096 2097
OR 2023 2096 2098
NAND 2022 2098 2099
OR 2022 2098 2100
NAND 1975 2100 2101
OR 1975 2100 2102
NAND 1973 2102 2103
OR 1973 2102 2104
NAND 1935 2104 2105
OR 1935 2104 2107
NAND 1934 2107 2108
OR 1934 2107 2109
AND 1933 2109 2110
OR 1933 2109 2111
NAND 1903 2111 2112
OR 1903 2111 2113
NAND 1932 2113 2114
OR 1932 2113 2115
NAND 911 2115 2116
AND 3812 3844 2118
OR 3812 3844 2119
OR 3812 3844 2120
NAND 1912 1914 2121
NAND 1911 2121 2122
AND 2120 2122 2123
OR 2120 2122 2124
NAND 1024 2124 2125
NAND 3811 307 2126
AND 1715 1917 2127
OR 1703 1913 2129
OR 1709 2129 2130
OR 1913 2127 2131
AND 2126 2131 2132
AND 2130 2132 2133
OR 2120 2133 2134
NAND 2120 2133 2135
NAND 2134 2135 2136
OR 1031 2136 2137
NAND 3812 1130 2138
NAND 1127 2118 2140
NAND 1124 2120 2141
NAND 1135 2119 2142
AND 2141 2142 2143
AND 2140 2143 2144
AND 2138 2144 2145
AND 2137 2145 2146
AND 2125 2146 2147
NAND 2116 2147 3876
NAND 2112 2114 2148
NAND 2105 2108 2150
NAND 1970 1972 2151
NAND 2101 2103 2152
NAND 1965 1967 2153
AND 3792 3845 2154
AND 3814 3843 2155
AND 3814 3844 2156
NAND 1939 2155 2157
OR 1939 2155 2158
NAND 2154 2158 2159
OR 2154 2158 2161
AND 1940 2161 2162
OR 1940 2161 2163
NAND 1960 1962 2164
NAND 1955 1957 2165
NAND 1949 1951 2166
AND 3817 3842 2167
AND 3819 3840 2168
AND 3819 3841 2169
NAND 1948 2168 2170
OR 1948 2168 2172
NAND 2167 2172 2173
OR 2167 2172 2174
NAND 1980 1982 2175
NAND 2174 2175 2176
OR 2174 2175 2177
NAND 2166 2177 2178
OR 2166 2177 2179
NAND 1993 1995 2180
NAND 2179 2180 2181
OR 2179 2180 2183
NAND 2165 2183 2184
OR 2165 2183 2185
NAND 2164 2185 2186
OR 2164 2185 2187
NAND 2163 2187 2188
OR 2163 2187 2189
NAND 2019 2021 2190
NAND 2189 2190 2191
OR 2189 2190 2192
NAND 2153 2192 2194
OR 2153 2192 2195
NAND 2097 2099 2196
NAND 2013 2015 2197
AND 3839 3820 2198
AND 3837 3822 2199
AND 3838 3822 2200
NAND 1979 2199 2201
OR 1979 2199 2202
NAND 2198 2202 2203
OR 2198 2202 2205
NAND 1989 1991 2206
AND 3823 3836 2207
AND 3794 3833 2208
AND 3794 3834 2209
NAND 1988 2208 2210
OR 1988 2208 2211
NAND 2207 2211 2212
OR 2207 2211 2213
NAND 2206 2213 2214
OR 2206 2213 2216
NAND 2205 2216 2217
OR 2205 2216 2218
NAND 2009 2011 2219
NAND 2003 2005 2220
AND 3832 3795 2221
AND 3797 3830 2222
AND 3797 3831 2223
NAND 2002 2222 2224
OR 2002 2222 2225
NAND 2221 2225 2227
OR 2221 2225 2228
NAND 2027 2030 2229
NAND 2228 2229 2230
OR 2228 2229 2231
NAND 2220 2231 2232
OR 2220 2231 2233
NAND 2219 2233 2234
OR 2219 2233 2235
NAND 2218 2235 2236
OR 2218 2235 2238
NAND 2046 2048 2239
NAND 2238 2239 2240
OR 2238 2239 2241
NAND 2197 2241 2242
OR 2197 2241 2243
NAND 2092 2094 2244
NAND 2041 2043 2245
AND 3798 3829 2246
AND 3800 3827 2247
AND 3800 3828 2249
NAND 2026 2247 2250
OR 2026 2247 2251
NAND 2246 2251 2252
OR 2246 2251 2253
NAND 2036 2038 2254
AND 3801 3826 2255
AND 3804 3855 2256
AND 3804 3825 2257
NAND 2035 2256 2258
OR 2035 2256 2260
NAND 2255 2260 2261
OR 2255 2260 2262
NAND 2254 2262 2263
OR 2254 2262 2264
NAND 2253 2264 2265
OR 2253 2264 2266
NAND 2061 2064 2267
NAND 2266 2267 2268
OR 2266 2267 2269
NAND 2245 2269 2271
OR 2245 2269 2272
NAND 2088 2090 2273
NAND 2056 2058 2274
AND 3805 3854 2275
AND 3807 3852 2276
AND 3807 3853 2277
NAND 2055 2276 2278
OR 2055 2276 2279
NAND 2275 2279 2280
OR 2275 2279 2282
NAND 2070 2072 2283
NAND 2282 2283 2284
OR 2282 2283 2285
NAND 2274 2285 2286
OR 2274 2285 2287
NAND 2083 2086 2288
AND 3808 3851 2289
AND 3849 3810 2290
AND 3850 3810 2291
NAND 2069 2290 2293
OR 2069 2290 2294
NAND 2289 2294 2295
OR 2289 2294 2296
NAND 2079 2081 2297
AND 3846 3811 2298
AND 3824 3813 2299
AND 3835 3813 2300
NAND 2078 2299 2301
OR 2078 2299 2302
NAND 2298 2302 2304
OR 2298 2302 2305
NAND 2297 2305 2306
OR 2297 2305 2307
NAND 2296 2307 2308
OR 2296 2307 2309
NAND 2288 2309 2310
OR 2288 2309 2311
NAND 2287 2311 2312
OR 2287 2311 2313
NAND 2273 2313 2315
OR 2273 2313 2316
NAND 2272 2316 2317
OR 2272 2316 2318
NAND 2244 2318 2319
OR 2244 2318 2320
NAND 2243 2320 2321
OR 2243 2320 2322
NAND 2196 2322 2323
OR 2196 2322 2324
NAND 2195 2324 2326
OR 2195 2324 2327
NAND 2152 2327 2328
OR 2152 2327 2329
NAND 2151 2329 2330
OR 2151 2329 2331
AND 2150 2331 2332
OR 2150 2331 2333
NAND 2110 2333 2334
OR 2110 2333 2335
NAND 2148 2335 2337
OR 2148 2335 2338
NAND 911 2338 2339
NAND 3813 3845 2340
OR 3813 3845 2341
AND 2340 2341 2342
OR 2118 2123 2343
OR 2342 2343 2344
NAND 2342 2343 2345
AND 1024 2344 2346
NAND 2345 2346 2348
NAND 3812 318 2349
AND 2134 2349 2350
OR 2342 2350 2351
NAND 1030 2351 2352
NAND 3813 1130 2353
OR 1128 2340 2354
NAND 1124 2342 2355
NAND 1135 2341 2356
AND 2355 2356 2357
AND 2354 2357 2359
AND 2353 2359 2360
AND 2352 2360 2361
AND 2348 2361 2362
NAND 2339 2362 3877
NAND 2334 2337 2363
NAND 2328 2330 2364
NAND 2191 2194 2365
NAND 2323 2326 2366
NAND 2186 2188 2367
AND 3792 3847 2369
NAND 2157 2159 2370
AND 3803 3845 2371
AND 3817 3843 2372
AND 3817 3844 2373
NAND 2155 2373 2374
OR 2156 2372 2375
NAND 2371 2375 2376
OR 2371 2375 2377
NAND 2370 2377 2378
OR 2370 2377 2380
NAND 2369 2380 2381
OR 2369 2380 2382
NAND 2162 2382 2383
OR 2162 2382 2384
NAND 2181 2184 2385
NAND 2176 2178 2386
NAND 2170 2173 2387
AND 3818 3842 2388
AND 3820 3840 2389
AND 3820 3841 2391
NAND 2168 2391 2392
OR 2169 2389 2393
NAND 2388 2393 2394
OR 2388 2393 2395
NAND 2201 2203 2396
NAND 2395 2396 2397
OR 2395 2396 2398
NAND 2387 2398 2399
OR 2387 2398 2400
NAND 2214 2217 2402
NAND 2400 2402 2403
OR 2400 2402 2404
NAND 2386 2404 2405
OR 2386 2404 2406
NAND 2385 2406 2407
OR 2385 2406 2408
NAND 2384 2408 2409
OR 2384 2408 2410
NAND 2240 2242 2411
NAND 2410 2411 2413
OR 2410 2411 2414
NAND 2367 2414 2415
OR 2367 2414 2416
NAND 2319 2321 2417
NAND 2234 2236 2418
AND 3839 3821 2419
AND 3837 3823 2420
AND 3838 3823 2421
NAND 2199 2421 2422
OR 2200 2420 2424
NAND 2419 2424 2425
OR 2419 2424 2426
NAND 2210 2212 2427
AND 3793 3836 2428
AND 3833 3795 2429
AND 3834 3795 2430
NAND 2208 2430 2431
OR 2209 2429 2432
NAND 2428 2432 2433
OR 2428 2432 2435
NAND 2427 2435 2436
OR 2427 2435 2437
NAND 2426 2437 2438
OR 2426 2437 2439
NAND 2230 2232 2440
NAND 2224 2227 2441
AND 3796 3832 2442
NAND 3798 3831 2443
NAND 937 2223 2444
OR 937 2223 2446
NAND 2442 2446 2447
OR 2442 2446 2448
NAND 2250 2252 2449
NAND 2448 2449 2450
OR 2448 2449 2451
NAND 2441 2451 2452
OR 2441 2451 2453
NAND 2440 2453 2454
OR 2440 2453 2455
NAND 2439 2455 2457
OR 2439 2455 2458
NAND 2268 2271 2459
NAND 2458 2459 2460
OR 2458 2459 2461
NAND 2418 2461 2462
OR 2418 2461 2463
NAND 2315 2317 2464
NAND 2263 2265 2465
AND 3799 3829 2466
AND 3801 3827 2468
AND 3801 3828 2469
NAND 2247 2469 2470
OR 2249 2468 2471
NAND 2466 2471 2472
OR 2466 2471 2473
NAND 2258 2261 2474
AND 3802 3826 2475
AND 3805 3855 2476
AND 3805 3825 2477
NAND 2256 2477 2479
OR 2257 2476 2480
NAND 2475 2480 2481
OR 2475 2480 2482
NAND 2474 2482 2483
OR 2474 2482 2484
NAND 2473 2484 2485
OR 2473 2484 2486
NAND 2284 2286 2487
NAND 2486 2487 2488
OR 2486 2487 2490
NAND 2465 2490 2491
OR 2465 2490 2492
NAND 2310 2312 2493
NAND 2278 2280 2494
AND 3806 3854 2495
AND 3808 3852 2496
AND 3808 3853 2497
NAND 2276 2497 2498
OR 2277 2496 2499
NAND 2495 2499 2501
OR 2495 2499 2502
NAND 2293 2295 2503
NAND 2502 2503 2504
OR 2502 2503 2505
NAND 2494 2505 2506
OR 2494 2505 2507
NAND 2306 2308 2508
AND 3851 3809 2509
AND 3849 3811 2510
AND 3850 3811 2512
NAND 2290 2512 2513
OR 2291 2510 2514
NAND 2509 2514 2515
OR 2509 2514 2516
NAND 2301 2304 2517
AND 3846 3812 2518
AND 3824 3815 2519
AND 3835 3815 2520
NAND 2299 2520 2521
OR 2300 2519 2523
NAND 2518 2523 2524
OR 2518 2523 2525
NAND 2517 2525 2526
OR 2517 2525 2527
NAND 2516 2527 2528
OR 2516 2527 2529
NAND 2508 2529 2530
OR 2508 2529 2531
NAND 2507 2531 2532
OR 2507 2531 2534
NAND 2493 2534 2535
OR 2493 2534 2536
NAND 2492 2536 2537
OR 2492 2536 2538
NAND 2464 2538 2539
OR 2464 2538 2540
NAND 2463 2540 2541
OR 2463 2540 2542
NAND 2417 2542 2543
OR 2417 2542 2545
NAND 2416 2545 2546
OR 2416 2545 2547
NAND 2366 2547 2548
OR 2366 2547 2549
NAND 2365 2549 2550
OR 2365 2549 2551
AND 2364 2551 2552
OR 2364 2551 2553
NAND 2332 2553 2554
OR 2332 2553 2556
NAND 2363 2556 2557
OR 2363 2556 2558
NAND 911 2558 2559
NAND 3815 3847 2560
OR 3815 3847 2561
AND 2560 2561 2562
NAND 2340 2345 2563
NAND 2562 2563 2564
OR 2562 2563 2565
NAND 1024 2565 2567
NAND 3813 329 2568
OR 3813 329 2569
NAND 2350 2568 2570
NAND 2569 2570 2571
OR 2562 2571 2572
OR 2562 2571 2573
NAND 1030 2573 2574
NAND 3815 1130 2575
OR 1128 2560 2576
NAND 1124 2562 2578
NAND 1135 2561 2579
AND 2578 2579 2580
AND 2576 2580 2581
AND 2575 2581 2582
AND 2574 2582 2583
AND 2567 2583 2584
NAND 2559 2584 3879
AND 2554 2557 2585
AND 2548 2550 2586
AND 2413 2415 2588
NAND 2543 2546 2589
AND 2454 2457 2590
NAND 2498 2501 2591
AND 2526 2528 2592
OR 2591 2592 2593
AND 3796 3833 2594
OR 2430 2594 2595
NAND 3837 3793 2596
OR 2421 2596 2597
OR 2595 2597 2599
NAND 3839 3822 2600
AND 2431 2433 2601
OR 2600 2601 2602
NAND 2444 2447 2603
AND 3797 3832 2604
AND 3799 3830 2605
OR 2443 2605 2606
OR 2604 2606 2607
OR 2603 2607 2608
AND 2450 2452 2610
NAND 2470 2472 2611
AND 3794 3836 2612
OR 2611 2612 2613
OR 2608 2613 2614
OR 2602 2614 2615
OR 2599 2610 2616
OR 2615 2616 2617
AND 2530 2532 2618
AND 2488 2491 2619
OR 2593 2618 2621
OR 2617 2619 2622
OR 2621 2622 2623
OR 2590 2623 2624
AND 3852 3809 2625
OR 2497 2625 2626
NAND 2513 2515 2627
AND 3807 3854 2628
OR 2626 2628 2629
OR 2627 2629 2630
NAND 3851 3810 2632
AND 2521 2524 2633
OR 2632 2633 2634
NAND 3846 3813 2635
AND 3824 3816 2636
OR 2520 2636 2637
NAND 3849 3812 2638
OR 2512 2638 2639
OR 2637 2639 2640
OR 2635 2640 2641
OR 2630 2641 2643
OR 2634 2643 2644
NAND 2483 2485 2645
AND 2504 2506 2646
OR 2645 2646 2647
OR 2644 2647 2648
NAND 2460 2462 2649
AND 2535 2537 2650
AND 3804 3826 2651
AND 3806 3855 2652
OR 2477 2652 2654
NAND 3802 3827 2655
OR 2469 2655 2656
OR 2654 2656 2657
OR 2651 2657 2658
NAND 3800 3829 2659
AND 2479 2481 2660
OR 2659 2660 2661
OR 2658 2661 2662
NAND 2403 2405 2663
AND 2378 2381 2665
NAND 3792 3848 2666
NAND 2374 2376 2667
AND 3803 3847 2668
AND 3814 3845 2669
OR 2668 2669 2670
AND 3818 3843 2671
OR 2373 2671 2672
OR 2670 2672 2673
OR 2667 2673 2674
OR 2666 2674 2676
OR 2665 2676 2677
AND 2397 2399 2678
NAND 2436 2438 2679
NAND 2422 2425 2680
NAND 2392 2394 2681
NAND 3819 3842 2682
AND 3821 3840 2683
OR 2391 2683 2684
OR 2682 2684 2685
OR 2681 2685 2687
OR 2680 2687 2688
OR 2679 2688 2689
OR 2678 2689 2690
OR 2677 2690 2691
OR 2663 2691 2692
OR 2648 2662 2693
OR 2649 2692 2694
OR 2650 2693 2695
OR 2624 2694 2696
OR 2695 2696 2698
AND 2407 2409 2699
AND 2539 2541 2700
OR 2699 2700 2701
OR 2698 2701 2702
OR 2589 2702 2703
OR 2588 2703 2704
OR 2586 2704 2705
OR 2383 2552 2706
OR 2705 2706 2707
OR 2585 2707 2709
NAND 911 2709 2710
OR 3816 3848 2711
AND 3816 3848 2712
OR 3816 3848 2713
NAND 2560 2564 2714
OR 2713 2714 2715
NAND 1024 2715 2716
NAND 3815 340 2717
AND 2572 2717 2718
OR 2713 2718 2720
NAND 1030 2720 2721
NAND 3816 1130 2722
NAND 1124 2713 2723
NAND 1127 2712 2724
NAND 1135 2711 2725
AND 2724 2725 2726
AND 2723 2726 2727
AND 2722 2727 2728
AND 2721 2728 2729
AND 2716 2729 2731
NAND 2710 2731 3880
OR 919 1117 2732
AND 1034 1115 2733
OR 1032 2733 2734
AND 1101 1106 2735
OR 930 2735 2736
AND 1109 2736 2737
OR 1038 2737 2738
OR 925 1114 2739
OR 930 2735 2741
NAND 936 1098 2742
NAND 1100 2742 2743
OR 3798 3830 2744
OR 1096 2744 2745
OR 942 1094 2746
OR 3796 3828 2747
OR 1092 2747 2748
OR 949 1090 2749
OR 3826 3794 2750
OR 1087 2750 2752
OR 1052 1083 2753
OR 955 1081 2754
OR 3853 3821 2755
OR 1079 2755 2756
OR 3851 3819 2757
OR 1074 2757 2758
NAND 962 1072 2759
NAND 1073 2759 2760
OR 3849 3817 2761
OR 1068 2761 2763
OR 3792 3824 2764
OR 54 3824 2765
OR 965 968 2766
AND 2765 2766 2767
AND 2763 2767 2768
AND 2760 2768 2769
NAND 2758 2769 2770
OR 959 1076 2771
OR 2770 2771 2772
NAND 2756 2772 2774
OR 2754 2774 2775
OR 2753 2775 2776
OR 952 1085 2777
OR 2776 2777 2778
NAND 2752 2778 2779
OR 2749 2779 2780
NAND 2748 2780 2781
OR 2746 2781 2782
OR 2745 2782 2783
NAND 2743 2783 2785
AND 1100 1103 2786
OR 1040 2786 2787
OR 2785 2787 2788
OR 2741 2788 2789
OR 2739 2789 2790
OR 2738 2790 2791
OR 2734 2791 2792
OR 2732 2792 2793
OR 1322 2793 2794
OR 1122 2794 2796
OR 1510 2796 2797
OR 1717 2797 2798
OR 1919 2798 2799
NAND 2136 2799 2800
OR 2351 2800 2801
OR 965 1065 2802
OR 2573 2801 2803
OR 2720 2803 3791
NAND 3792 1130 2804
OR 553 1126 2806
OR 553 1135 2807
NAND 1129 2807 2808
AND 2806 2808 2809
NAND 2804 2809 2810
AND 2764 2810 3856
NAND 3803 1130 2811
NAND 525 552 2812
NAND 911 2812 2813
OR 554 2813 2814
NAND 523 1127 2816
AND 2814 2816 2817
AND 2811 2817 2818
OR 553 968 2819
AND 1024 2819 2820
NAND 969 2820 2821
OR 968 1063 2822
NAND 1030 2822 2823
NAND 966 1135 2824
NAND 968 1124 2825
AND 2824 2825 2827
AND 2823 2827 2828
AND 2821 2828 2829
NAND 2818 2829 3867
OR 554 555 2830
NAND 911 2830 2831
OR 556 2831 2832
OR 965 970 2833
AND 1024 2833 2834
NAND 971 2834 2835
NAND 1030 2802 2837
NAND 3814 1130 2838
NAND 441 1127 2839
NAND 964 1135 2840
NAND 965 1124 2841
AND 2840 2841 2842
AND 2839 2842 2843
AND 2838 2843 2844
AND 2837 2844 2845
AND 2832 2845 2846
NAND 2835 2846 3878
OR 556 557 2848
NAND 911 2848 2849
OR 1031 2763 2850
NAND 3817 1130 2851
NAND 342 1127 2852
NAND 963 1135 2853
NAND 1124 2761 2854
AND 2852 2854 2855
AND 2853 2855 2856
AND 2850 2856 2858
OR 972 2761 2859
NAND 1024 2859 2860
AND 2851 2860 2861
AND 2858 2861 2862
NAND 2849 2862 3881
OR 558 559 2863
NAND 911 2863 2864
OR 1031 2760 2865
OR 962 974 2866
AND 1024 2866 2868
NAND 975 2868 2869
NAND 273 1127 2870
NAND 961 1135 2871
NAND 962 1124 2872
AND 2871 2872 2873
AND 2870 2873 2874
NAND 3818 1130 2875
AND 2874 2875 2876
AND 2869 2876 2877
AND 2865 2877 2879
NAND 2864 2879 3882
OR 551 561 2880
NAND 911 2880 2881
OR 1031 2758 2882
OR 976 2757 2883
NAND 1024 2883 2884
NAND 3819 1130 2885
NAND 130 1127 2886
NAND 1124 2757 2887
AND 2886 2887 2889
NAND 960 1135 2890
AND 2889 2890 2891
AND 2885 2891 2892
AND 2884 2892 2893
AND 2882 2893 2894
NAND 2881 2894 3883
OR 541 542 2895
OR 562 2895 2896
AND 564 911 2897
NAND 2896 2897 2899
NAND 1030 2771 2900
OR 959 979 2901
AND 1024 2901 2902
NAND 980 2902 2903
NAND 959 1124 2904
NAND 958 1135 2905
NAND 3670 1127 2906
AND 2905 2906 2907
AND 2904 2907 2908
NAND 3820 1130 2910
AND 2908 2910 2911
AND 2903 2911 2912
AND 2900 2912 2913
NAND 2899 2913 3884
OR 563 565 2914
NAND 911 2914 2915
OR 1031 2756 2916
NAND 981 2755 2917
OR 981 2755 2918
AND 1024 2918 2920
NAND 2917 2920 2921
NAND 957 1135 2922
NAND 1124 2755 2923
AND 2922 2923 2924
AND 3853 1127 2925
OR 1130 2925 2926
NAND 3821 2926 2927
AND 2924 2927 2928
AND 2921 2928 2929
AND 2916 2929 2931
NAND 2915 2931 3885
OR 566 568 2932
NAND 911 2932 2933
NAND 1030 2754 2934
OR 955 983 2935
AND 1024 2935 2936
NAND 984 2936 2937
NAND 3822 1130 2938
NAND 1197 1127 2939
NAND 955 1124 2941
NAND 954 1135 2942
AND 2941 2942 2943
AND 2939 2943 2944
AND 2938 2944 2945
AND 2937 2945 2946
AND 2934 2946 2947
NAND 2933 2947 3886
OR 569 570 2948
NAND 911 2948 2949
NAND 1030 2753 2951
NAND 985 1052 2952
OR 985 1052 2953
AND 1024 2953 2954
NAND 2952 2954 2955
NAND 3823 1130 2956
NAND 3234 1127 2957
NAND 1052 1124 2958
NAND 953 1135 2959
AND 2958 2959 2960
AND 2957 2960 2962
AND 2956 2962 2963
AND 2955 2963 2964
AND 2951 2964 2965
NAND 2949 2965 3887
OR 573 574 2966
NAND 911 2966 2967
NAND 1030 2777 2968
OR 952 987 2969
NAND 1024 2969 2970
AND 3825 1127 2972
OR 1130 2972 2973
NAND 3793 2973 2974
NAND 951 1135 2975
NAND 952 1124 2976
AND 2975 2976 2977
AND 2974 2977 2978
AND 2970 2978 2979
AND 2968 2979 2980
NAND 2967 2980 3857
OR 521 576 2982
NAND 911 2982 2983
OR 1031 2752 2984
NAND 990 2750 2985
OR 990 2750 2986
AND 1024 2986 2987
NAND 2985 2987 2988
NAND 3794 1130 2989
NAND 672 1127 2990
NAND 1124 2750 2991
NAND 950 1135 2993
AND 2991 2993 2994
AND 2990 2994 2995
AND 2989 2995 2996
AND 2988 2996 2997
AND 2984 2997 2998
NAND 2983 2998 3858
OR 578 579 2999
NAND 911 2999 3000
NAND 1030 2749 3001
OR 949 992 3003
AND 1024 3003 3004
NAND 993 3004 3005
NAND 3795 1130 3006
NAND 946 1127 3007
NAND 948 1135 3008
NAND 949 1124 3009
AND 3008 3009 3010
AND 3007 3010 3011
AND 3006 3011 3012
AND 3005 3012 3014
AND 3001 3014 3015
NAND 3000 3015 3859
OR 581 583 3016
NAND 911 3016 3017
OR 1031 2748 3018
OR 994 2747 3019
NAND 1024 3019 3020
NAND 3796 1130 3021
NAND 944 1127 3022
NAND 1124 2747 3024
NAND 943 1135 3025
AND 3024 3025 3026
AND 3022 3026 3027
AND 3021 3027 3028
AND 3020 3028 3029
AND 3018 3029 3030
NAND 3017 3030 3860
OR 389 585 3031
NAND 911 3031 3032
NAND 1030 2746 3034
OR 942 996 3035
AND 1024 3035 3036
NAND 997 3036 3037
NAND 3797 1130 3038
NAND 939 1127 3039
NAND 942 1124 3040
NAND 941 1135 3041
AND 3040 3041 3042
AND 3039 3042 3043
AND 3038 3043 3045
AND 3037 3045 3046
AND 3034 3046 3047
NAND 3032 3047 3861
OR 328 587 3048
NAND 911 3048 3049
NAND 1030 2745 3050
OR 998 2744 3051
NAND 1024 3051 3052
NAND 938 1135 3053
NAND 1124 2744 3055
AND 3053 3055 3056
AND 3830 1127 3057
OR 1130 3057 3058
NAND 3798 3058 3059
AND 3056 3059 3060
AND 3052 3060 3061
AND 3050 3061 3062
NAND 3049 3062 3862
OR 261 589 3063
NAND 911 3063 3065
OR 1031 2743 3066
OR 936 1001 3067
NAND 1024 3067 3068
AND 3831 1127 3069
OR 1130 3069 3070
NAND 3799 3070 3071
NAND 936 1124 3072
NAND 935 1135 3073
AND 3072 3073 3074
AND 3071 3074 3076
AND 3068 3076 3077
AND 3066 3077 3078
NAND 3065 3078 3863
NAND 260 590 3079
OR 195 3079 3080
NAND 911 3080 3081
NAND 1030 2787 3082
NAND 1003 1040 3083
OR 1003 1040 3084
AND 1024 3084 3086
NAND 3083 3086 3087
NAND 1040 1124 3088
NAND 932 1135 3089
OR 931 1128 3090
AND 3089 3090 3091
AND 3088 3091 3092
NAND 3800 1130 3093
AND 3092 3093 3094
AND 3087 3094 3095
AND 3082 3095 3097
NAND 3081 3097 3864
OR 119 596 3098
NAND 911 3098 3099
OR 930 1005 3100
NAND 1024 3100 3101
NAND 1030 2741 3102
NAND 3801 1130 3103
OR 928 1128 3104
NAND 930 1124 3105
NAND 929 1135 3107
AND 3105 3107 3108
AND 3104 3108 3109
AND 3103 3109 3110
AND 3102 3110 3111
AND 3101 3111 3112
NAND 3099 3112 3865
NAND 118 597 3113
OR 31 3113 3114
NAND 31 3113 3115
AND 911 3115 3117
NAND 3114 3117 3118
NAND 1030 2738 3119
OR 1007 1038 3120
NAND 1024 3120 3121
NAND 3802 1130 3122
NAND 1038 1124 3123
OR 927 1128 3124
NAND 926 1135 3125
AND 3124 3125 3126
AND 3123 3126 3128
AND 3122 3128 3129
AND 3121 3129 3130
AND 3119 3130 3131
NAND 3118 3131 3866
OR 3731 602 3132
NAND 911 3132 3133
OR 925 1009 3134
NAND 1024 3134 3135
NAND 1030 2739 3136
NAND 3804 1130 3138
OR 922 1128 3139
NAND 925 1124 3140
NAND 924 1135 3141
AND 3140 3141 3142
AND 3139 3142 3143
AND 3138 3143 3144
AND 3136 3144 3145
AND 3135 3145 3146
NAND 3133 3146 3868
AND 3730 603 3148
OR 3647 3148 3149
NAND 911 3149 3150
OR 1012 1032 3151
NAND 1024 3151 3152
NAND 1030 2734 3153
NAND 3805 1130 3154
OR 921 1128 3155
NAND 1032 1124 3156
NAND 920 1135 3157
AND 3156 3157 3159
AND 3155 3159 3160
AND 3154 3160 3161
AND 3153 3161 3162
AND 3152 3162 3163
NAND 3150 3163 3869
OR 608 752 3164
NAND 911 3164 3165
OR 919 1014 3166
NAND 1024 3166 3167
NAND 1030 2732 3169
NAND 3806 1130 3170
NAND 917 1127 3171
NAND 919 1124 3172
NAND 918 1135 3173
AND 3172 3173 3174
AND 3171 3174 3175
AND 3170 3175 3176
AND 3169 3176 3177
AND 3167 3177 3178
NAND 3165 3178 3870
INPUT  3788 3789 3790 3792 3793 3794 3795 3796 3797 3798 3799 3800 3801 3802 3803 3804 3805 3806 3807 3808 3809 3810 3811 3812 3813 3814 3815 3816 3817 3818 3819 3820 3821 3822 3823 3824 3825 3826 3827 3828 3829 3830 3831 3832 3833 3834 3835 3836 3837 3838 3839 3840 3841 3842 3843 3844 3845 3846 3847 3848 3849 3850 3851 3852 3853 3854 3855 -1
OUTPUT  3791 3856 3857 3858 3859 3860 3861 3862 3863 3864 3865 3866 3867 3868 3869 3870 3871 3872 3873 3874 3875 3876 3877 3878 3879 3880 3881 3882 3883 3884 3885 3886 3887 -1